EYESAT-1 (AO-27)        
1 22825U 93061C   16138.43730254  .00000044  00000-0  34721-4 0  9994
2 22825  98.7566  94.4983 0009349  52.4634 307.7396 14.29954622180848
CUTE-1 (CO-55)          
1 27844U 03031E   16138.49204219  .00000148  00000-0  86753-4 0  9998
2 27844  98.6927 147.2189 0010719  56.3185 303.9013 14.21946981668088
CUBESAT XI-IV (CO-57)   
1 27848U 03031J   16137.96398430  .00000122  00000-0  75357-4 0  9992
2 27848  98.7025 146.7752 0010748  65.0801 295.1492 14.21573503667871
CUBESAT XI-V (CO-58)    
1 28895U 05043F   16138.73299141  .00000426  00000-0  91256-4 0  9998
2 28895  97.8309 314.2051 0015906 318.9778  41.0227 14.63185986562651
CUTE-1.7+APD II (CO-65) 
1 32785U 08021C   16138.49576923  .00000810  00000-0  94846-4 0  9994
2 32785  97.6054 173.9846 0014285  44.0056 316.2295 14.87543219436066
COMPASS-1               
1 32787U 08021E   16138.67603758  .00001614  00000-0  16456-3 0  9996
2 32787  97.6057 180.4360 0013268  24.4989 335.6858 14.91963381436513
AAUSAT-II               
1 32788U 08021F   16139.08812122  .00001543  00000-0  15296-3 0  9992
2 32788  97.6062 182.9499 0012539  18.6745 341.4932 14.93162991436704
DELFI-C3 (DO-64)        
1 32789U 08021G   16138.84141317  .00004279  00000-0  32114-3 0  9994
2 32789  97.6095 198.5964 0013048  10.8010 349.3493 15.03096419437440
CANX-2                  
1 32790U 08021H   16138.54227140  .00000721  00000-0  85498-4 0  9994
2 32790  97.6013 172.7144 0014986  44.7274 315.5148 14.87308917436021
SEEDS II (CO-66)        
1 32791U 08021J   16139.09839626  .00001055  00000-0  11556-3 0  9998
2 32791  97.6061 177.6220 0014347  32.3187 327.8907 14.89732601436315
SWISSCUBE               
1 35932U 09051B   16138.13902734  .00000409  00000-0  10402-3 0  9998
2 35932  98.4436 264.8596 0008274  37.6522 322.5253 14.55805487352698
BEESAT                  
1 35933U 09051C   16137.95480296  .00000354  00000-0  91334-4 0  9995
2 35933  98.4461 265.7521 0006738  52.1917 307.9889 14.55949135352767
ITUPSAT 1               
1 35935U 09051E   16138.89486657  .00000312  00000-0  83180-4 0  9992
2 35935  98.4570 266.9516 0008828  39.4759 320.7079 14.55160828352747
TISAT 1                 
1 36799U 10035E   16139.09699882  .00001313  00000-0  14283-3 0  9993
2 36799  98.0274 248.9165 0012720 178.1538 181.9728 14.89768355316941
M-CUBED & EXP-1 PRIME   
1 37855U 11061F   16138.52655719  .00003854  00000-0  21567-3 0  9990
2 37855 101.7208 163.7482 0187711 168.1626 192.4089 15.00912271247391
HORYU 2                 
1 38340U 12025D   16138.51000278  .00000783  00000-0  12444-3 0  9996
2 38340  98.3532 123.0830 0013042 107.8759 252.3872 14.75004537214950
STRAND-1                
1 39090U 13009E   16138.79444526  .00000083  00000-0  44845-4 0  9994
2 39090  98.5864 341.1957 0009969  38.0600 322.1288 14.34895395168779
BRITE-AUSTRIA           
1 39091U 13009F   16138.13063514  .00000092  00000-0  47801-4 0  9992
2 39091  98.5819 340.0662 0011394  46.7580 313.4554 14.34974226168690
UNIBRITE                
1 39092U 13009G   16139.14112250  .00000073  00000-0  41282-4 0  9993
2 39092  98.5821 340.8141 0010122  38.1256 322.0644 14.34847725168821
AIST-2                  
1 39133U 13015D   16138.76709156  .00000716  00000-0  64107-4 0  9995
2 39133  64.8739  94.7935 0003315 294.5358 138.7767 15.03866191168838
SOMP                    
1 39134U 13015E   16139.16413764  .00004212  00000-0  22917-3 0  9995
2 39134  64.8724  59.5258 0008490 272.5643  87.4510 15.15811630169560
BEESAT-2                
1 39136U 13015G   16138.86169504  .00003411  00000-0  19987-3 0  9996
2 39136  64.8730  66.1833 0007813 267.2054  92.8176 15.13507813169412
NEE-01 PEGASUS          
1 39151U 13018B   16138.75234889  .00000582  00000-0  84968-4 0  9991
2 39151  97.9967 226.5061 0015939 247.3703 112.5823 14.79442189165073
CUBEBUG-1 (CAPITAN BETO)
1 39153U 13018D   16138.79249755  .00000652  00000-0  93457-4 0  9996
2 39153  97.9977 226.9778 0015869 246.1484 113.8065 14.79861259165109
ESTCUBE 1               
1 39161U 13021C   16139.13301550  .00000422  00000-0  75746-4 0  9996
2 39161  98.0488 223.8074 0008869 333.5144  26.5619 14.71648445162641
POPACS 1                
1 39268U 13055D   16138.49235396  .00007510  00000-0  22578-3 0  9992
2 39268  81.0085  59.5784 0669706 296.0539  57.3177 14.26237951135692
POPACS 2                
1 39269U 13055E   16138.53145439  .00007777  00000-0  23693-3 0  9990
2 39269  81.0204  67.4968 0713041 317.4125  37.3789 14.16823243135218
POPACS 3                
1 39270U 13055F   16138.54482022  .00006623  00000-0  21509-3 0  9998
2 39270  81.0222  71.6369 0733459 331.2042  25.0413 14.11104622134933
PHONESAT 2.4            
1 39381U 13064B   16135.33869072  .00035898  00000-0  39013-3 0  9994
2 39381  40.4936 238.5112 0003100  88.2545 271.8815 15.62691327139579
FIREFLY                 
1 39404U 13064AA  16138.56613146  .00026296  00000-0  38838-3 0  9993
2 39404  40.5068 237.5425 0003192 141.0140 219.0911 15.54687945139313
ZACUBE-1 (TSHEPISOSAT)  
1 39417U 13066B   16138.86249653  .00000812  00000-0  10977-3 0  9990
2 39417  97.6825 193.0265 0061136 121.2463 239.4759 14.80370153134284
WNISAT-1                
1 39423U 13066H   16138.99578537  .00000159  00000-0  41615-4 0  9995
2 39423  97.6716 154.5858 0174709 233.8393 124.6541 14.52686259131853
TRITON-1                
1 39427U 13066M   16138.53600862  .00000588  00000-0  10264-3 0  9997
2 39427  97.6698 173.7906 0115058 174.6441 185.6026 14.67166356133024
GOMX 1                  
1 39430U 13066Q   16139.07035577  .00000396  00000-0  81765-4 0  9998
2 39430  97.6711 162.3056 0151493 210.1583 149.0841 14.58573485132337
BRITE-PL                
1 39431U 13066R   16138.86811909  .00000200  00000-0  53593-4 0  9998
2 39431  97.6784 146.5708 0201521 259.8182  98.0230 14.46714379131283
HUMSAT-D                
1 39433U 13066T   16138.73715745  .00001801  00000-0  18700-3 0  9995
2 39433  97.6997 206.4858 0033209  90.6622 269.8402 14.90766858135088
EAGLE 2                 
1 39436U 13066W   16138.46271838  .00024570  00000-0  10997-2 0  9995
2 39436  97.7161 224.4402 0016049  38.8695 321.3691 15.21157412136201
CUBEBUG-2 (LO-74)       
1 39440U 13066AA  16138.69487529  .00000786  00000-0  11746-3 0  9998
2 39440  97.6763 185.3329 0082292 141.6476 219.0625 14.75132947133783
NEE-02 KRYSAOR          
1 39441U 13066AB  16139.10032677  .00000529  00000-0  82653-4 0  9997
2 39441  97.6743 184.9959 0083501 142.3236 218.3862 14.74383321133768
FUNCUBE-1 (AO-73)       
1 39444U 13066AE  16138.15061529  .00001049  00000-0  13770-3 0  9993
2 39444  97.6837 192.9174 0060378 121.7175 238.9943 14.81031949132988
UWE-3                   
1 39446U 13066AG  16139.13878247  .00000771  00000-0  11011-3 0  9994
2 39446  97.6786 189.3463 0072125 130.3671 230.3868 14.77656955132857
BRITE-TORONTO           
1 40020U 14033L   16139.13878573  .00000227  00000-0  47402-4 0  9991
2 40020  97.8920  20.3331 0088638 142.0031 218.7472 14.66252789102205
DUCHIFAT-1              
1 40021U 14033M   16138.98171550  .00001199  00000-0  13247-3 0  9993
2 40021  97.9338  45.4526 0013676 155.8498 204.3363 14.89259702103762
FLOCK 1C-10             
1 40023U 14033P   16139.21360418  .00000435  00000-0  53525-4 0  9991
2 40023  97.9374  45.3146 0012392 159.0973 201.0703 14.87928043103759
NANOSATC-BR1            
1 40024U 14033Q   16139.15229865  .00001116  00000-0  12552-3 0  9996
2 40024  97.9314  45.0603 0012941 155.0650 205.1194 14.88676180103760
QB50P1                  
1 40025U 14033R   16139.13473987  .00000820  00000-0  95454-4 0  9995
2 40025  97.9309  44.6003 0013103 156.6162 203.5653 14.87982685103738
FLOCK 1C-7              
1 40026U 14033S   16139.15013733  .00001308  00000-0  14645-3 0  9991
2 40026  97.9372  45.4828 0011866 157.4642 202.7108 14.88559756103768
FLOCK 1C-1              
1 40027U 14033T   16138.67118810  .00000485  00000-0  58802-4 0  9999
2 40027  97.9375  44.8673 0012876 159.2299 200.9407 14.88077200103685
POPSAT-HIP-1            
1 40028U 14033U   16139.06640851  .00000827  00000-0  96426-4 0  9993
2 40028  97.9335  44.6914 0014181 155.0601 205.1298 14.87862907103714
FLOCK 1C-2              
1 40029U 14033V   16139.16497094  .00000321  00000-0  41049-4 0  9994
2 40029  97.9372  45.2703 0014450 154.1217 206.0735 14.88028831103741
FLOCK 1C-4              
1 40031U 14033X   16139.16139278  .00000229  00000-0  31094-4 0  9990
2 40031  97.9387  45.2913 0014728 151.6195 208.5819 14.87995089103734
QB50P2                  
1 40032U 14033Y   16138.79716979  .00000916  00000-0  10699-3 0  9998
2 40032  97.9296  43.7501 0012616 151.6539 208.5366 14.87547838103659
FLOCK 1C-11             
1 40033U 14033Z   16139.19535390  .00001771  00000-0  19291-3 0  9997
2 40033  97.9388  45.7833 0012462 146.7579 213.4412 14.89234570103789
ANTELSAT                
1 40034U 14033AA  16139.21313269  .00000563  00000-0  92232-4 0  9995
2 40034  97.9076  28.2841 0060365 120.9066 239.8131 14.73362047102760
FLOCK 1C-9              
1 40035U 14033AB  16139.16637954  .00000283  00000-0  36836-4 0  9997
2 40035  97.9399  45.4701 0012548 146.9268 213.2750 14.88076627103741
FLOCK 1C-6              
1 40036U 14033AC  16139.21553691  .00000268  00000-0  35151-4 0  9991
2 40036  97.9396  45.6202 0012501 148.0166 212.1778 14.88202230103767
PERSEUS-M2              
1 40037U 14033AD  16139.03444392  .00000190  00000-0  28082-4 0  9998
2 40037  97.9331  43.3868 0014673 153.5823 206.6151 14.86023653103629
FLOCK 1C-5              
1 40038U 14033AE  16139.22611672  .00000227  00000-0  30678-4 0  9992
2 40038  97.9391  45.5068 0014756 147.0834 213.1336 14.88211187103759
PERSEUS-M1              
1 40039U 14033AF  16139.06946193  .00000382  00000-0  50401-4 0  9992
2 40039  97.9343  43.1649 0014760 148.9254 211.2832 14.85653401103618
FLOCK 1C-8              
1 40040U 14033AG  16139.17632429  .00001639  00000-0  17585-3 0  9991
2 40040  97.9404  46.2920 0013801 137.0893 223.1449 14.89944868103796
FLOCK 1C-3              
1 40041U 14033AH  16139.17064840  .00000278  00000-0  36507-4 0  9992
2 40041  97.9420  45.3749 0013834 143.4164 216.8044 14.87886547103733
POLYITAN-1              
1 40042U 14033AJ  16138.73154989  .00001101  00000-0  12730-3 0  9995
2 40042  97.9381  44.0691 0015661 146.3999 213.8213 14.87535732103620
TIGRISAT                
1 40043U 14033AK  16139.12401458  .00000461  00000-0  76240-4 0  9991
2 40043  97.9060  28.7257 0061630 123.6291 237.0819 14.73736563102643
LEMUR-1                 
1 40044U 14033AL  16139.12564323  .00000473  00000-0  78356-4 0  9996
2 40044  97.9061  28.5859 0060783 124.3506 236.3474 14.73556175102644
AEROCUBE 6A             
1 40045U 14033AM  16139.14349972  .00001013  00000-0  15624-3 0  9999
2 40045  97.9127  29.0206 0059939 120.0922 240.6248 14.74330443102507
AEROCUBE 6B             
1 40046U 14033AN  16139.14374039  .00001016  00000-0  15685-3 0  9992
2 40046  97.9122  28.9814 0059229 119.6504 241.0621 14.74332353102645
UKUBE-1                 
1 40074U 14037F   16139.11996684  .00000791  00000-0  10436-3 0  9998
2 40074  98.3340 230.8759 0003430 234.5333 125.5570 14.83042788100619
BRITE-PL 2              
1 40119U 14049B   16137.82207864  .00000445  00000-0  60146-4 0  9992
2 40119  97.9602 219.2632 0016404 304.6139  55.3528 14.83913095 94370
FIREBIRD 4              
1 40378U 15003C   16139.16032325  .00006547  00000-0  29845-3 0  9996
2 40378  99.0838 240.3125 0144469 228.5866 130.2872 15.12216181 71248
GRIFEX                  
1 40379U 15003D   16139.06181441  .00003840  00000-0  18431-3 0  9992
2 40379  99.0846 239.4428 0148062 232.2480 126.5255 15.10530581 71187
EXOCUBE                 
1 40380U 15003E   16139.16889767  .00004371  00000-0  21422-3 0  9995
2 40380  99.0874 239.0971 0150938 233.1624 125.5679 15.09388534 71168
DEORBITSAIL             
1 40719U 15032E   16138.29867860  .00001250  00000-0  19093-3 0  9990
2 40719  98.0208  30.1966 0016402 341.5418  18.5194 14.75500404 45933
FLOCK 1E-1              
1 40723U 98067GF  16138.98862163  .03824284  12237-4  63623-3 0  9991
2 40723  51.6165 171.4228 0010642 344.1943  16.0695 16.32334110 48539
FLOCK 1E-4              
1 40724U 98067GG  16139.13890316  .00208821  28087-4  53117-3 0  9998
2 40724  51.6298 175.4936 0010332   4.2372  34.2256 15.94915085 48496
FLOCK 1E-3              
1 40725U 98067GH  16139.09717747  .00320226  56251-4  51262-3 0  9997
2 40725  51.6234 169.6851 0009311   2.9924  95.6287 16.02998891 48537
FLOCK 1E-7              
1 40726U 98067GJ  16138.48700696  .00336037  00000-0  12453-2 0  9997
2 40726  51.6289 182.2378 0008433 357.2765 142.7128 15.86617936 48195
FLOCK 1E-8              
1 40727U 98067GK  16139.11897498  .00169093  22073-4  46092-3 0  9997
2 40727  51.6315 174.6371 0009979   4.6458  29.5801 15.93701074 48344
FLOCK 1E-5              
1 40728U 98067GL  16139.12494031  .00222553  29292-4  70804-3 0  9994
2 40728  51.6313 177.5575 0013623   0.9979  99.5079 15.90570776 48310
FLOCK 1E-6              
1 40729U 98067GM  16139.20608521  .00131062  17345-4  44057-3 0  9996
2 40729  51.6317 175.8096 0010079 355.6432 113.1069 15.89774978 48354
FLOCK 1E-10             
1 40737U 98067GP  16139.12914833  .00100395  00000-0  41199-3 0  9997
2 40737  51.6300 179.1194 0006768   0.0589  99.7750 15.85188346 48287
FLOCK 1E-11             
1 40738U 98067GQ  16139.12250694  .00099447  00000-0  37597-3 0  9998
2 40738  51.6249 175.3638 0007204 358.4205  36.0159 15.86876464 48151
FLOCK 1E-12             
1 40739U 98067GR  16139.11712068  .00111873  00000-0  43495-3 0  9998
2 40739  51.6292 179.0492 0007539 350.8071 107.0295 15.86253188 48115
FLOCK 1E-13             
1 40740U 98067GS  16139.12888353  .00086315  00000-0  36208-3 0  9998
2 40740  51.6301 178.5006 0007209  15.3518  18.5228 15.84784329 48101
FLOCK 1E-14             
1 40741U 98067GT  16139.11902093  .00129451  00000-0  47443-3 0  9998
2 40741  51.6343 177.6968 0009149 359.7691  32.7159 15.87379074 48108
S-CUBE                  
1 40898U 98067GY  16138.76655401  .00048536  00000-0  35076-3 0  9992
2 40898  51.6342 194.3238 0004093  75.8340 284.3113 15.72983895 37936
TIANWANG 1C (TW-1C)     
1 40926U 15051B   16139.10434446  .00011904  00000-0  34105-3 0  9990
2 40926  97.2778 176.3559 0015620 150.2025 294.2242 15.35941642 36147
TIANWANG 1B (TW-1B)     
1 40927U 15051C   16139.10965003  .00010605  00000-0  31208-3 0  9997
2 40927  97.2872 176.4974 0014866 156.3041 288.9034 15.35141324 36138
TIANWANG 1A (TW-1A)     
1 40928U 15051D   16139.18607914  .00005787  00000-0  18337-3 0  9993
2 40928  97.2727 175.7671 0014534 166.6620 277.4968 15.33009105 36129
LEMUR-2 JOEL            
1 40932U 15052C   16137.46010276  .00001618  00000-0  13444-3 0  9990
2 40932   6.0059 180.0910 0013688  33.1518 326.9443 14.77121707 34247
LEMUR-2 CHRIS           
1 40933U 15052D   16137.70439192  .00001145  00000-0  68819-4 0  9992
2 40933   6.0032 177.9031 0014217  38.5352 321.5776 14.77283351 34280
LEMUR-2 JEROEN          
1 40934U 15052E   16138.16456834  .00001645  00000-0  14093-3 0  9995
2 40934   6.0043 176.6724 0011033  35.3323 324.7543 14.76527244 34305
LEMUR-2 PETER           
1 40935U 15052F   16138.12665597  .00001931  00000-0  18210-3 0  9993
2 40935   6.0006 177.4325 0010324  31.7496 328.3315 14.76324090 34305
EXACTVIEW 9             
1 40936U 15052G   16138.62683923  .00001056  00000-0  59686-4 0  9993
2 40936   6.0008 174.3536 0010802  37.2097 322.8915 14.76039817 34380
GOMX 3                  
1 40949U 98067HA  16139.16287622  .00070172  00000-0  43633-3 0  9999
2 40949  51.6322 189.4672 0003949  69.7574 290.3850 15.76308541 35327
FLOCK 2B-1              
1 40950U 98067HB  16139.15974048  .00058991  00000-0  35154-3 0  9999
2 40950  51.6344 189.4608 0001988   8.5813 351.5221 15.77347648 35245
FLOCK 2B-2              
1 40951U 98067HC  16139.15549643  .00064488  00000-0  38268-3 0  9996
2 40951  51.6312 189.4119 0002666  20.7883 339.3225 15.77405038 35241
FLOCK 2B-3              
1 40952U 98067HD  16139.18172248  .00059404  00000-0  37348-3 0  9993
2 40952  51.6365 190.3577 0003476  14.0105 346.0990 15.76125908 35217
FLOCK 2B-4              
1 40953U 98067HE  16139.15130237  .00058656  00000-0  37830-3 0  9997
2 40953  51.6360 190.9084 0003057  17.7293 342.3813 15.75549712 35209
FLOCK 2B-5              
1 40954U 98067HF  16139.15886190  .00100399  00000-0  57869-3 0  9990
2 40954  51.6338 189.4498 0004960  52.5927 307.5524 15.77871182 35216
FLOCK 2B-6              
1 40955U 98067HG  16139.15342138  .00079100  00000-0  40443-3 0  9995
2 40955  51.6305 189.3569 0004329  60.8939 299.2496 15.80618332 35218
FLOCK 2B-7              
1 40956U 98067HH  16138.39490458  .00106075  00000-0  59046-3 0  9991
2 40956  51.6359 192.5803 0003010  49.8231 310.3034 15.78635797 35059
FLOCK 2B-8              
1 40957U 98067HJ  16139.18396498  .01382983  12787-2  14475-2 0  9997
2 40957  51.6267 180.4498 0011288  26.5035 333.6492 16.09917612 35289
FLOCK 2B-10             
1 40962U 98067HK  16139.17106553  .00059096  00000-0  37308-3 0  9992
2 40962  51.6339 190.2854 0003112  67.3860 292.7469 15.76035494 35074
FLOCK 2B-9              
1 40963U 98067HL  16139.18399652  .00055933  00000-0  35842-3 0  9995
2 40963  51.6361 190.3721 0002444  73.6425 286.4843 15.75718732 35076
FLOCK 2B-13             
1 40979U 98067HM  16139.14741979  .00056089  00000-0  36503-3 0  9999
2 40979  51.6360 190.8957 0003825  79.1495 280.9935 15.75357630 34964
FLOCK 2B-14             
1 40980U 98067HN  16139.17229416  .00126774  00000-0  66828-3 0  9993
2 40980  51.6353 188.0167 0003801  43.0271 317.1027 15.79759941 35002
ATHENOXAT 1             
1 41168U 15077C   16138.83055556  .00003928  00000-0  19566-3 0  9998
2 41168  14.9841 173.9868 0012903 301.8415  42.1707 15.09826204 23157
GALASSIA                
1 41170U 15077E   16137.71561158  .00003939  00000-0  19271-3 0  9992
2 41170  14.9863 181.1043 0013483 302.2592  57.6577 15.10435649 23006
VELOX 2                 
1 41171U 15077F   16138.74096747  .00003091  00000-0  15127-3 0  9999
2 41171  14.9880 176.4396 0009146 290.7131  69.2286 15.08624258 23138
AGGIESAT 4              
1 41313U 98067HP  16138.51063065  .00019142  00000-0  24982-3 0  9992
2 41313  51.6445 209.1866 0004542  94.5509 265.6002 15.58699567 16940
BEVO 2                  
1 41314U 98067HQ  16139.21113205  .00030125  00000-0  36072-3 0  9990
2 41314  51.6383 204.8210 0003420  67.2532 292.8825 15.60687676 16861
HORYU-IV                
1 41340U 16012D   16138.19608906  .00001184  00000-0  86139-4 0  9995
2 41340  31.0047 106.0445 0014251 110.4864 249.7317 14.99977320 13497
OUFTI-1                 
1 41458U 16025C   16138.01769938  .00002555  00000-0  14878-3 0  9996
2 41458  98.2190 146.7175 0176576 171.3209 189.1133 15.00839327  3107
E-ST@R-II               
1 41459U 16025D   16138.55083913  .00002585  00000-0  15034-3 0  9996
2 41459  98.2156 147.2833 0176723 169.4971 191.0044 15.00853246  3182
AAUSAT 4                
1 41460U 16025E   16139.01714138  .00004504  00000-0  25686-3 0  9997
2 41460  98.2144 147.7793 0177485 167.8611 192.7106 15.00920241  3255
