BEIJING 1               
1 28890U 05043A   16139.07367029  .00000117  00000-0  32782-4 0  9998
2 28890  97.8345 309.1258 0014389 321.7340  38.2813 14.61115666562722
HJ-1A                   
1 33320U 08041A   16139.07130450  .00000287  00000-0  48423-4 0  9996
2 33320  97.9847 203.2217 0025327 216.3495 143.6002 14.76583405414472
HJ-1B                   
1 33321U 08041B   16138.75706997  .00000341  00000-0  55952-4 0  9992
2 33321  97.9885 203.8516 0033563 234.8895 124.9180 14.76644251414413
YAOGAN 4                
1 33446U 08061A   16139.08614938  .00000576  00000-0  89656-4 0  9990
2 33446  97.5907 153.7165 0017238 144.5941 215.6439 14.76310661401725
DEIMOS-1                
1 35681U 09041A   16139.02377847  .00000228  00000-0  44485-4 0  9996
2 35681  97.9952  33.2780 0002516 121.7459 238.4004 14.71566234365028
UK-DMC 2                
1 35683U 09041C   16139.08933956  .00000195  00000-0  39555-4 0  9998
2 35683  97.8906  25.4983 0001333  82.5532 277.5831 14.70875830364922
RISAT 1                 
1 38248U 12017A   16138.87816270  .00000409  00000-0  29879-4 0  9996
2 38248  97.5627 145.9546 0003861 334.2716 144.3144 15.08963629223626
DMC3-FM1                
1 40715U 15032A   16138.87283921  .00000087  00000-0  21201-4 0  9992
2 40715  98.0822  30.8692 0016061 327.2312  32.7900 14.73694740 45971
DMC3-FM2                
1 40716U 15032B   16138.76048198  .00000102  00000-0  23428-4 0  9997
2 40716  98.0838  30.7497 0013529 336.9608  23.1001 14.73705821 45960
DMC3-FM3                
1 40717U 15032C   16138.71452073  .00000112  00000-0  25006-4 0  9999
2 40717  98.0811  31.5781 0016990 328.8808  31.1400 14.73673742 45951
