SAUDISAT 1C             
1 27607U 02058C   16139.13291057  .00000321  00000-0  66461-4 0  9998
2 27607  64.5556 252.6678 0071085 223.3326 136.2174 14.75149857720838
SAUDISAT 2              
1 28371U 04025F   16139.07427522  .00000171  00000-0  50649-4 0  9998
2 28371  98.0791  99.8972 0026752 121.3521 239.0298 14.54181230630414
UNISAT 3                
1 28373U 04025H   16138.43493124  .00000185  00000-0  63936-4 0  9998
2 28373  98.2936  82.5507 0068604 332.6464  27.1121 14.45292495626734
SAUDISAT 3              
1 31118U 07012B   16139.01603456  .00000082  00000-0  21704-4 0  9997
2 31118  97.7189 148.0467 0016712  93.7170 266.5951 14.68997188486992
