PROBA-1                 
1 26958U 01049B   16139.21763411  .00000496  00000-0  48551-4 0  9995
2 26958  97.5111 115.5929 0072982 211.4909 148.1960 14.94729891792519
BIRD 2                  
1 26959U 01049C   16139.11565875  .00004161  00000-0  13598-3 0  9994
2 26959  97.7602  60.0589 0009620 348.3847  11.7171 15.32309718805781
CUTE-1 (CO-55)          
1 27844U 03031E   16138.49204219  .00000148  00000-0  86753-4 0  9998
2 27844  98.6927 147.2189 0010719  56.3185 303.9013 14.21946981668088
CUBESAT XI-IV (CO-57)   
1 27848U 03031J   16137.96398430  .00000122  00000-0  75357-4 0  9992
2 27848  98.7025 146.7752 0010748  65.0801 295.1492 14.21573503667871
GENESIS 1               
1 29252U 06029A   16139.19894956  .00001504  00000-0  87491-4 0  9991
2 29252  64.5038 134.7771 0033984 231.0668 206.0092 15.15971500541947
FALCONSAT-3             
1 30776U 07006E   16139.14389419  .00006462  00000-0  22362-3 0  9991
2 30776  35.4362  47.3427 0001729 322.1304  37.9299 15.29271085507684
GENESIS 2               
1 31789U 07028A   16138.50944202  .00001647  00000-0  95045-4 0  9995
2 31789  64.5033 173.5943 0053474 270.2691  89.2303 15.15224594488938
APRIZESAT 4             
1 35684U 09041D   16138.79244241  .00000285  00000-0  45550-4 0  9990
2 35684  98.0937  71.8675 0046163 291.9454 120.4292 14.78883552366693
APRIZESAT 3             
1 35686U 09041F   16138.81744888  .00000349  00000-0  44294-4 0  9992
2 35686  98.2438 116.5201 0072655 217.5872 142.0252 14.86859552368430
PROBA-2                 
1 36037U 09059B   16138.58809315  .00000086  00000-0  31806-4 0  9996
2 36037  98.2651 332.0167 0014562 112.3242 247.9499 14.52947200346682
APRIZESAT 5             
1 37792U 11044E   16138.83276429  .00000371  00000-0  62089-4 0  9998
2 37792  98.2824 265.4704 0057652 229.2882 130.3311 14.74964182255571
APRIZESAT 6             
1 37793U 11044F   16139.04221515  .00000278  00000-0  52226-4 0  9997
2 37793  98.2445 255.0435 0045984 248.1324 166.3719 14.72059649255137
TET-1                   
1 38710U 12039D   16138.83577896  .00007715  00000-0  18546-3 0  9993
2 38710  97.4997  76.0365 0002114 142.8944 217.2449 15.41612674213263
STSAT-2C                
1 39068U 13003A   16138.46095416  .00026313 -12758-6  31752-3 0  9993
2 39068  80.2321 250.2676 0459393 268.5470  86.3091 14.89278019173105
PROBA-V                 
1 39159U 13021A   16138.75210086  .00000006  00000-0  22066-4 0  9998
2 39159  98.6322 217.3029 0005504  81.0031 279.1772 14.22920873157365
CUSAT 1                 
1 39266U 13055B   16138.49685849  .00007939  00000-0  23312-3 0  9994
2 39266  80.9917  59.7951 0680473 302.4402  51.2698 14.24493669135571
STPSAT-3                
1 39380U 13064A   16134.93474211  .00003011  00000-0  10112-3 0  9996
2 39380  40.5027 337.1036 0002496  44.4086 315.6927 15.32311370136822
APRIZESAT 7             
1 39416U 13066A   16138.74099548  .00000395  00000-0  53501-4 0  9999
2 39416  97.6887 198.6844 0042938 110.6820 249.9005 14.83536239134599
APRIZESAT 8             
1 39425U 13066K   16138.39714664  .00000330  00000-0  48360-4 0  9999
2 39425  97.6833 194.3724 0053579 119.6565 240.9999 14.80804366134328
BUGSAT-1 (TITA)         
1 40014U 14033E   16139.22883778  .00000205  00000-0  24607-4 0  9995
2 40014  97.9524  52.8718 0031670 192.4981 167.5490 14.94295040104217
SAUDISAT 4              
1 40016U 14033G   16138.69737569  .00000201  00000-0  36791-4 0  9996
2 40016  97.9098  30.2927 0049733 120.4320 240.1817 14.75007491102864
TABLETSAT-AURORA        
1 40017U 14033H   16139.06717240  .00001113  00000-0  11430-3 0  9998
2 40017  97.9474  50.1169 0023132 190.0988 169.9754 14.92300100104042
APRIZESAT 9             
1 40018U 14033J   16139.15791924  .00000131  00000-0  29283-4 0  9995
2 40018  97.8985  24.5094 0072730 131.8757 228.8686 14.69702438102463
APRIZESAT 10            
1 40019U 14033K   16139.16996946  .00000162  00000-0  35961-4 0  9992
2 40019  97.8931  21.1492 0085413 140.0636 220.6894 14.66782471102317
AISAT                   
1 40054U 14034B   16139.13854414  .00001170  00000-0  17544-3 0  9998
2 40054  98.1940 226.9631 0012200 226.1500 133.8701 14.76510767101410
CANX-4                  
1 40055U 14034C   16139.16166166  .00000306  00000-0  54108-4 0  9990
2 40055  98.1940 225.9842 0013192 239.9196 120.0705 14.74428353101338
CANX-5                  
1 40056U 14034D   16139.16169715  .00000319  00000-0  56023-4 0  9996
2 40056  98.1940 225.9835 0013208 240.1646 119.8249 14.74429809101339
TDS 1                   
1 40076U 14037H   16139.20838716  .00000187  00000-0  31410-4 0  9996
2 40076  98.3229 229.0488 0004500 262.5380  97.5345 14.81184185100555
TIANTUO 2               
1 40144U 14053B   16139.07254898  .00002096  00000-0  70172-4 0  9997
2 40144  97.3515 218.6878 0010478 236.7874 237.2795 15.32051251 94476
