GORIZONT 1 [-]          
1 11158U 78118A   16137.95026719 -.00000145  00000-0  00000+0 0  9998
2 11158  16.8334 276.1785 3420268 175.3264 189.0264  1.00240373 85982
GORIZONT 2 [-]          
1 11440U 79062A   16137.71120648  .00000014  00000-0  00000+0 0  9995
2 11440  13.3994 328.2223 0005050 223.2225 359.3070  1.00277490101077
GORIZONT 3 [-]          
1 11648U 79105A   16137.96388359 -.00000370  00000-0  00000-0 0  9992
2 11648  13.4939 329.3769 0014054 165.7672 195.1245  1.00293728 85550
GORIZONT 4 [-]          
1 11841U 80049A   16138.36957810 -.00000270  00000-0  00000+0 0  9993
2 11841  14.4422 333.6749 0004388 240.8310 305.2171  0.98631501197223
GORIZONT 5 [-]          
1 13092U 82020A   16138.38024123 -.00000118  00000-0  00000+0 0  9999
2 13092  15.1250 338.4399 0034655 155.6543 169.7043  0.98531240 85298
GORIZONT 6 [-]          
1 13624U 82103A   16136.95194524 -.00000316  00000-0  00000-0 0  9997
2 13624  13.9841 338.3360 0003873 201.4718 336.5414  1.00348960 84003
GORIZONT 7 [-]          
1 14160U 83066A   16136.87282477 -.00000226  00000-0  00000-0 0  9998
2 14160  15.1145 345.9194 0013944 247.4245 291.5384  0.98349315118515
GORIZONT 8 [-]          
1 14532U 83118A   16137.85946543 -.00000218  00000-0  00000-0 0  9990
2 14532  15.1574 347.4655 0025184  95.2479 240.3679  0.98270996 84306
GORIZONT 9 [-]          
1 14940U 84041A   16138.60277269 -.00000111  00000-0  00000+0 0  9996
2 14940  14.4069 346.1909 0007657 191.0835 350.7966  1.00222866 85093
GORIZONT 10 [-]         
1 15144U 84078A   16137.45420869  .00000067  00000-0  00000-0 0  9991
2 15144  14.4297 347.1952 0004537 232.4401  36.5880  1.00355829117631
GORIZONT 11 [-]         
1 15484U 85007A   16137.31040456 -.00000126  00000-0  00000-0 0  9993
2 15484  14.4584 348.9431 0002534 189.3723 156.8747  1.00262945115687
GORIZONT 12 [-]         
1 16769U 86044A   16137.79093012  .00000103  00000-0  00000-0 0  9994
2 16769  14.6656 353.7767 0005383 211.3490 356.4945  1.00298919110328
GORIZONT 13 [-]         
1 17083U 86090A   16137.04421094 -.00000093  00000-0  00000-0 0  9997
2 17083  16.0491 359.5449 0016599 266.2223  74.8703  0.96724913 83005
GORIZONT 14 [-]         
1 17969U 87040A   16137.18059480 -.00000121  00000-0  00000-0 0  9999
2 17969  15.6937 351.9964 0029658 121.4452 217.9133  0.97658446 83872
GORIZONT 15 [-]         
1 19017U 88028A   16137.23532096 -.00000138  00000-0  00000-0 0  9995
2 19017  16.0190   2.9907 0034993 102.1350  57.1687  0.97828743 83467
GORIZONT 16 [-]         
1 19397U 88071A   16138.14949775  .00000081  00000-0  00000+0 0  9996
2 19397  14.9412   1.9718 0011302 341.7824 149.3768  0.99978337101403
GORIZONT 17 [-]         
1 19765U 89004A   16136.76042331 -.00000009  00000-0  00000-0 0  9992
2 19765  15.2126   4.8482 0018991  78.0931 101.6712  0.99065350 99079
GORIZONT 18 [-]         
1 20107U 89052A   16137.63138001 -.00000195  00000-0  00000-0 0  9990
2 20107  15.1264   6.2078 0037928 251.6764  17.1832  0.99404885 97795
GORIZONT 19 [-]         
1 20263U 89081A   16138.73978487 -.00000376  00000-0  00000+0 0  9997
2 20263  14.9039   5.6998 0006274 202.8536  45.6719  1.00248877 97569
GORIZONT 20 [-]         
1 20659U 90054A   16138.85572008 -.00000278  00000-0  00000+0 0  9991
2 20659  15.0674   8.6678 0007668 152.8918 116.1337  1.00246665 94772
GORIZONT 21 [-]         
1 20923U 90094A   16137.80698178 -.00000174  00000-0  00000+0 0  9995
2 20923  15.0064   9.4939 0007351 178.9167  55.0325  1.00395589 93511
GORIZONT 22 [-]         
1 20953U 90102A   16136.76041568  .00000111  00000-0  00000+0 0  9997
2 20953  14.9306   9.7732 0005137 239.3148 295.4290  1.00185107 93453
GORIZONT 23 [-]         
1 21533U 91046A   16135.69135498 -.00000032  00000-0  00000+0 0  9990
2 21533  15.3248  13.4247 0007778 228.4844 326.8984  0.98905665 84270
GORIZONT 24 [-]         
1 21759U 91074A   16136.90960334 -.00000051  00000-0  00000-0 0  9993
2 21759  15.3091  14.9901 0021647 172.8822  57.4145  0.98442259 88688
GORIZONT 25 [-]         
1 21922U 92017A   16138.46320503 -.00000077  00000-0  00000+0 0  9991
2 21922  14.8874  14.8205 0023425  15.9507 269.2007  0.99843097 88161
GORIZONT 26 [-]         
1 22041U 92043A   16138.72656972 -.00000063  00000-0  00000+0 0  9999
2 22041  14.8828  16.4110 0034415 176.4417  34.5267  0.99239826 86944
GORIZONT 27 [-]         
1 22245U 92082A   16134.92754411 -.00000098  00000-0  00000-0 0  9992
2 22245  14.8025  16.7051 0012356 282.8861 341.7341  1.00137998 90188
GORIZONT 28 [-]         
1 22880U 93069A   16136.86583596 -.00000283  00000-0  00000-0 0  9998
2 22880  14.5904  20.0229 0031189  76.0675  34.3265  0.99653135 82412
GORIZONT 29 [-]         
1 22907U 93072A   16138.10563394  .00000017  00000-0  00000+0 0  9998
2 22907  14.5425  19.7705 0011990 259.8920   3.9634  1.00154126 82316
GORIZONT 30 [-]         
1 23108U 94030A   16137.39004109 -.00000303  00000-0  00000-0 0  9991
2 23108  14.4584  20.7818 0005005 187.4695 121.5545  1.00209803 80530
GORIZONT 31 [-]         
1 23775U 96005A   16138.63048598 -.00000266  00000-0  00000+0 0  9990
2 23775  13.7981  26.2617 0022222 149.3249  79.9482  0.99901299 74267
GORIZONT 32 [-]         
1 23880U 96034A   16137.37563317 -.00000091  00000-0  00000+0 0  9996
2 23880  13.6900  26.9605 0010034 257.5109 338.7585  1.00142301 73143
GORIZONT 33 [-]         
1 26372U 00029A   16136.27569185 -.00000306  00000-0  00000+0 0  9990
2 26372  11.4327  36.2325 0001490 141.1551 294.0097  1.00308564 58464
