SIRIUS-1                
1 26390U 00035A   16137.46859596 -.00000072  00000-0  00000+0 0  9997
2 26390  59.6417 233.0045 2567157 266.1815 172.1630  1.00277382 58152
SIRIUS-2                
1 26483U 00051A   16135.68459663  .00000067  00000-0  00000+0 0  9994
2 26483  64.5287 113.2035 2852640 265.8315   9.8886  1.00278908 57476
SIRIUS-3                
1 26626U 00077A   16134.51261999 -.00000163  00000-0  00000+0 0  9993
2 26626  64.4157 353.0673 2655833 268.1996  61.5282  1.00273599 56608
XM-1 (ROLL)             
1 26761U 01018A   16138.40178353 -.00000232  00000-0  00000+0 0  9999
2 26761   0.2426  89.8368 0003753  13.0708 235.5677  0.99008916 55082
XM-3 (RHYTHM)           
1 28626U 05008A   16138.46727403 -.00000214  00000-0  00000+0 0  9996
2 28626   0.0169  85.2919 0000472 277.8924 315.5018  1.00269397 41137
XM-4 (BLUES)            
1 29520U 06049A   16138.35932064 -.00000032  00000-0  00000+0 0  9993
2 29520   0.0046  40.3612 0000208 307.0369 262.1888  1.00272690 35060
O3B FM5                 
1 39188U 13031A   16138.32066359 -.00000029  00000-0  00000+0 0  9991
2 39188   0.0495 348.0892 0003776 294.6776  77.1917  5.00115635 52866
O3B FM4                 
1 39189U 13031B   16138.01286898 -.00000029  00000-0  00000+0 0  9990
2 39189   0.0293  17.3220 0006567  67.2091 275.5443  5.00122352 52849
O3B FM2                 
1 39190U 13031C   16137.78778910 -.00000030  00000-0  00000-0 0  9999
2 39190   0.0244  19.7238 0007216  66.5747 273.7845  5.00115660 52844
O3B PFM                 
1 39191U 13031D   16137.41142096 -.00000030  00000-0  00000+0 0  9999
2 39191   0.0424 353.5828 0002117  78.2439 288.1966  5.00115308 52823
O3B FM3                 
1 40079U 14038A   16138.32236279 -.00000029  00000-0  00000+0 0  9990
2 40079   0.0336   2.7476 0001411 350.0579   7.1932  5.00115343 33859
O3B FM7                 
1 40080U 14038B   16138.27807402 -.00000029  00000-0  00000+0 0  9998
2 40080   0.0335   6.8268 0002133  39.6584 313.5332  5.00116991 33872
O3B FM6                 
1 40081U 14038C   16137.50024314 -.00000030  00000-0  00000+0 0  9999
2 40081   0.0336   4.4891 0001877  29.8955 325.6278  5.00115609 33831
O3B FM8                 
1 40082U 14038D   16137.34515201 -.00000030  00000-0  00000+0 0  9992
2 40082   0.0322   9.7723 0002103  74.6999 275.5520  5.00115373 33806
O3B FM10                
1 40348U 14083A   16137.76734241 -.00000030  00000-0  00000-0 0  9991
2 40348   0.0383 355.9036 0003432  45.6305 318.4924  5.00115072 25785
O3B FM11                
1 40349U 14083B   16137.78928936 -.00000030  00000-0  00000-0 0  9990
2 40349   0.0405 355.7575 0003283  55.2303 309.0419  5.00115856 25781
O3B FM12                
1 40350U 14083C   16138.65562195 -.00000028  00000-0  00000+0 0  9996
2 40350   0.0399 356.9288 0002818  61.4832 301.6163  5.00115804 25820
O3B FM9                 
1 40351U 14083D   16137.43400111 -.00000030  00000-0  00000-0 0  9995
2 40351   0.0406 354.1859 0003147  52.1853 313.6552  5.00115425 25789
