CALSPHERE 1             
1 00900U 64063C   16138.85775019  .00000395  00000-0  41952-3 0  9990
2 00900  90.1420   5.5818 0024796 217.6473 142.2956 13.72718974565770
CALSPHERE 2             
1 00902U 64063E   16137.67428726  .00000015  00000-0  94012-5 0  9997
2 00902  90.1471   7.8856 0019941 116.6543 307.7924 13.52632823358282
LCS 1                   
1 01361U 65034C   16138.67407507  .00000005  00000-0 -41471-3 0  9990
2 01361  32.1425 280.5115 0004903  99.8159 260.2892  9.89289513845548
TEMPSAT 1               
1 01512U 65065E   16138.33239176  .00000011  00000-0  17441-5 0  9998
2 01512  89.8115 249.3663 0071157 148.2486 273.2286 13.33391690469243
CALSPHERE 4(A)          
1 01520U 65065H   16138.57252634  .00000072  00000-0  12268-3 0  9994
2 01520  90.0946 119.2121 0070889  49.5061  61.3835 13.35700545471441
OPS 5712 (P/L 160)      
1 02826U 67053A   16138.88097646  .00001228  00000-0  35170-3 0  9998
2 02826  69.9289  85.1312 0008075 235.7305 124.3063 14.47298651531474
OPS 5712 (P/L 153)      
1 02874U 67053H   16138.89837916 -.00000023  00000-0  22281-4 0  9997
2 02874  69.9738  82.9561 0009909 287.7004 127.7320 13.96262709493194
SURCAL 150B             
1 02909U 67053J   16138.86004314  .00001510  00000-0  33304-3 0  9999
2 02909  69.9479 175.2697 0005290 302.9295  57.1334 14.59305801539566
RIGIDSPHERE 2 (LCS 4)   
1 05398U 71067E   16139.21680988  .00000329  00000-0  10987-3 0  9990
2 05398  87.6208 275.1293 0065147 146.3381 214.1980 14.33432717346201
