SCD 1                   
1 22490U 93009B   16138.50696782  .00000288  00000-0  29538-4 0  9999
2 22490  24.9690 220.3975 0043278 117.8744 323.4226 14.44437590228334
TECHSAT 1B (GO-32)      
1 25397U 98043D   16138.42632022  .00000009  00000-0  22628-4 0  9993
2 25397  98.5649  84.1702 0002444  78.9003 281.2451 14.23593725927486
SCD 2                   
1 25504U 98060A   16139.17035704  .00000273  00000-0  26341-4 0  9998
2 25504  24.9962  56.9832 0017321 164.4279 342.8768 14.43964404927780
LANDSAT 7               
1 25682U 99020A   16138.72653020  .00000301  00000-0  76967-4 0  9990
2 25682  98.2137 209.5373 0001356  91.4251 268.7087 14.57113461909000
DLR-TUBSAT              
1 25757U 99029B   16138.22256732  .00000052  00000-0  24462-4 0  9992
2 25757  98.4311  43.5624 0015780  71.8696 288.4215 14.51329830899031
QUIKSCAT                
1 25789U 99034A   16139.14725825  .00000018  00000-0  25055-4 0  9990
2 25789  98.6090 327.9403 0002032  98.6471 261.4940 14.27247710880844
TERRA                   
1 25994U 99068A   16139.14950199  .00000238  00000-0  62845-4 0  9991
2 25994  98.2108 213.8674 0000811  89.8196 270.3131 14.57099020873148
EO-1                    
1 26619U 00075A   16138.68336043  .00000272  00000-0  60187-4 0  9995
2 26619  97.8829 179.6377 0007895 283.1913  76.8418 14.64255410825657
EROS A1                 
1 26631U 00079A   16139.11462963  .00136116  00000-0  53504-3 0  9994
2 26631  97.5392 253.2683 0007001 215.5198 140.3109 15.86513538858760
MAROC-TUBSAT            
1 27004U 01056D   16139.01606134 -.00000025  00000-0  20442-4 0  9990
2 27004  99.2969 285.0432 0018940 284.7889 184.0283 13.70115118721937
AQUA                    
1 27424U 02022A   16138.50823914  .00000303  00000-0  77307-4 0  9990
2 27424  98.1977  79.5298 0000647  80.3679  57.2143 14.57144945746656
IRS-P6 (RESOURCESAT-1)  
1 28051U 03046A   16139.08597561  .00000048  00000-0  41859-4 0  9993
2 28051  98.6596 216.8412 0004821  48.3134 311.8454 14.21652432653148
TANSUO 1 (TS 1)         
1 28220U 04012A   16138.84273960  .00001519  00000-0  13131-3 0  9997
2 28220  97.6464  95.2474 0011835  42.2550 317.9583 14.98624125657207
FORMOSAT-2 (ROCSAT 2)   
1 28254U 04018A   16139.13396619  .00000106  00000-0  10000-3 0  9993
2 28254  98.9384 203.0780 0003027 129.0359 263.2701 14.00743933613291
AURA                    
1 28376U 04026A   16138.48733855  .00000302  00000-0  77147-4 0  9995
2 28376  98.1971  81.6730 0001229  86.4184 273.7155 14.57120697629697
IRS-P5 (CARTOSAT-1)     
1 28649U 05017A   16139.22405494 -.00001241  00000-0 -14486-3 0  9998
2 28649  97.8989 212.8273 0000795 258.7220 101.3983 14.83417859597425
SINAH 1                 
1 28893U 05043D   16138.47676738  .00000131  00000-0  35408-4 0  9998
2 28893  97.8354 310.5558 0014368 325.7608  34.2666 14.61368262562658
EROS B                  
1 29079U 06014A   16138.91446708  .00004385  00000-0  20352-3 0  9991
2 29079  97.4910 257.8478 0007724 345.3469 130.0285 15.20530901557983
RESURS-DK 1             
1 29228U 06021A   16139.19947318  .00000398  00000-0  37820-4 0  9998
2 29228  69.9386  22.8266 0007519 239.3774 120.6640 15.01900460548797
ARIRANG-2 (KOMPSAT-2)   
1 29268U 06031A   16138.72222977  .00000259  00000-0  60827-4 0  9997
2 29268  98.1346  38.7757 0018385 161.7001 198.4871 14.62149914523209
LAPAN-TUBSAT            
1 29709U 07001A   16139.21742212  .00000132  00000-0  22965-4 0  9990
2 29709  97.6580 123.9596 0011933 311.5305  48.4886 14.81956485505485
CARTOSAT-2 (IRS-P7)     
1 29710U 07001B   16139.13239902  .00000381  00000-0  59102-4 0  9999
2 29710  97.9775 198.7874 0001501  33.6970 326.4372 14.78654125504812
HAIYANG-1B              
1 31113U 07010A   16139.06288318  .00000049  00000-0  36153-4 0  9998
2 31113  98.6127 193.3264 0012675 288.7083  71.2729 14.30129684474998
COSMO-SKYMED 1          
1 31598U 07023A   16139.10320262  .00000284  00000-0  42155-4 0  9999
2 31598  97.8751 322.9864 0001498  82.6159 277.5206 14.82166063483924
TERRASAR-X              
1 31698U 07026A   16138.90832544 -.00000121  00000-0 -25917-5 0  9991
2 31698  97.4455 146.2015 0001916  99.0973 352.4234 15.19148366494864
WORLDVIEW-1 (WV-1)      
1 32060U 07041A   16138.95325316  .00002284  00000-0  95796-4 0  9992
2 32060  97.8725 255.4900 0003591  99.7907 326.5024 15.24626158482045
YAOGAN 3                
1 32289U 07055A   16139.06839746 -.00000097  00000-0 -57698-5 0  9992
2 32289  97.9848 136.3670 0001635  98.1854 261.9548 14.80692909460268
COSMO-SKYMED 2          
1 32376U 07059A   16139.06944643  .00000089  00000-0  17696-4 0  9998
2 32376  97.8748 322.9530 0001536  86.0342 274.1050 14.82158099456661
RADARSAT-2              
1 32382U 07061A   16138.84737361  .00000066  00000-0  42438-4 0  9997
2 32382  98.5767 146.2122 0001317  91.6498  30.3452 14.29982999439790
CARTOSAT-2A             
1 32783U 08021A   16139.10963012 -.00004890  00000-0 -66012-3 0  9997
2 32783  97.9782 198.7814 0014240 151.8335 208.3561 14.78633044434750
JASON 2 (OSTM)          
1 33105U 08032A   16139.18646544 -.00000055  00000-0  26872-4 0  9993
2 33105  66.0418 222.2236 0008064 271.4414 120.8271 12.80928867370001
RAPIDEYE 2              
1 33312U 08040A   16138.74279190  .00000209  00000-0  34448-4 0  9990
2 33312  97.8513 223.3101 0011958 191.2563 168.8389 14.79911191416883
RAPIDEYE 5              
1 33313U 08040B   16139.10446693  .00000132  00000-0  24300-4 0  9997
2 33313  97.8376 221.4606 0018002  70.0190 290.2961 14.79917456416883
RAPIDEYE 1              
1 33314U 08040C   16139.09261438  .00000181  00000-0  30719-4 0  9993
2 33314  97.8469 223.2639 0023238 205.9725 154.0320 14.79918652416923
RAPIDEYE 3              
1 33315U 08040D   16139.06253651  .00000170  00000-0  29330-4 0  9994
2 33315  97.8354 221.0663 0012458 139.1217 221.0940 14.79919266416886
RAPIDEYE 4              
1 33316U 08040E   16139.11615977  .00000139  00000-0  25165-4 0  9991
2 33316  97.8329 220.6679 0012729  88.3897 271.8791 14.79918971416880
HUANJING 1A (HJ-1A)     
1 33320U 08041A   16139.07130450  .00000287  00000-0  48423-4 0  9996
2 33320  97.9847 203.2217 0025327 216.3495 143.6002 14.76583405414472
HUANJING 1B (HJ-1B)     
1 33321U 08041B   16138.75706997  .00000341  00000-0  55952-4 0  9992
2 33321  97.9885 203.8516 0033563 234.8895 124.9180 14.76644251414413
GEOEYE 1                
1 33331U 08042A   16138.77061192  .00000218  00000-0  50348-4 0  9994
2 33331  98.0829 213.1946 0010663  69.7980 290.4332 14.64206626411244
THEOS                   
1 33396U 08049A   16139.09805712  .00000153  00000-0  92609-4 0  9996
2 33396  98.7252 206.7594 0001403  98.2941  12.0647 14.20031080395403
COSMO-SKYMED 3          
1 33412U 08054A   16139.05677788 -.00000087  00000-0 -43991-5 0  9996
2 33412  97.8747 322.9406 0001296  75.9729 284.1625 14.82165539409128
YAOGAN 4                
1 33446U 08061A   16139.08614938  .00000576  00000-0  89656-4 0  9990
2 33446  97.5907 153.7165 0017238 144.5941 215.6439 14.76310661401725
GOSAT (IBUKI)           
1 33492U 09002A   16139.04373053 -.00000195  00000-0 -25914-4 0  9999
2 33492  98.0943 248.6351 0001740  79.8842 280.2566 14.67533184391874
YAOGAN 6                
1 34839U 09021A   16138.88315826  .00001510  00000-0  63081-4 0  9998
2 34839  97.1985 199.7805 0027715 283.4102 163.3700 15.24806084392337
DEIMOS-1                
1 35681U 09041A   16139.02377847  .00000228  00000-0  44485-4 0  9996
2 35681  97.9952  33.2780 0002516 121.7459 238.4004 14.71566234365028
DUBAISAT-1              
1 35682U 09041B   16139.09646236  .00000331  00000-0  65247-4 0  9999
2 35682  97.8538  10.6207 0011461 342.8035  17.2797 14.68453525364223
OCEANSAT 2              
1 35931U 09051A   16139.19870641  .00000224  00000-0  68078-4 0  9993
2 35931  98.3135 232.5566 0001801 359.3284   0.7908 14.50848804352180
WORLDVIEW-2 (WV-2)      
1 35946U 09055A   16138.79108483  .00000173  00000-0  72270-4 0  9998
2 35946  98.5207 212.2513 0001582  93.0696 267.0651 14.37717576346698
SMOS                    
1 36036U 09059A   16138.51306892  .00000114  00000-0  50267-4 0  9994
2 36036  98.4454 325.8460 0001240  84.5090 275.6240 14.39769519343678
YAOGAN 7                
1 36110U 09069A   16138.74931488 -.00000245  00000-0 -28117-4 0  9994
2 36110  98.1621 286.8960 0023047 299.4075  60.4848 14.75276070346586
TANDEM-X                
1 36605U 10030A   16139.10507451  .00000482  00000-0  26166-4 0  9996
2 36605  97.4458 146.4033 0001352  79.0372   7.8056 15.19151503327637
CARTOSAT 2B             
1 36795U 10035A   16139.07964158  .00000235  00000-0  39250-4 0  9992
2 36795  97.9763 198.7217 0013237 223.1310 136.8873 14.78644700315798
YAOGAN 10               
1 36834U 10038A   16139.09376861  .00000206  00000-0  33496-4 0  9993
2 36834  97.9108 134.3485 0001691  91.0274 269.1140 14.80706283312017
COSMO-SKYMED 4          
1 37216U 10060A   16139.22135974  .00000117  00000-0  21252-4 0  9994
2 37216  97.8755 323.1027 0001610  76.1757 283.9631 14.82163588299234
HAIYANG 2A              
1 37781U 11043A   16139.15501251  .00000265  00000-0  30453-3 0  9996
2 37781  99.3381 150.4307 0000658  49.2731 310.8502 13.78712086239541
RASAT                   
1 37791U 11044D   16139.10203710  .00000092  00000-0  26512-4 0  9992
2 37791  98.1459 229.2328 0020688 285.9527  73.9390 14.64523052253941
MEGHA-TROPIQUES         
1 37838U 11058A   16138.85480895  .00000342  00000-0  44303-4 0  9997
2 37838  19.9786  11.8216 0009675  47.1463 312.9753 14.09689976237250
SRMSAT                  
1 37841U 11058D   16137.77824082  .00000346  00000-0  45560-4 0  9991
2 37841  19.9732   7.5410 0011907  47.4516  34.7450 14.10539109237242
YAOGAN 13               
1 37941U 11072A   16139.14221494  .00003188  00000-0  16137-3 0  9993
2 37941  97.4690  65.8701 0001324 254.6295 217.0814 15.17730167247735
PLEIADES 1A             
1 38012U 11076F   16139.19802219  .00000101  00000-0  31603-4 0  9990
2 38012  98.2006 213.9185 0001648  81.5834 278.5559 14.58553818235287
ZIYUAN 1-02C (ZY 1-02C) 
1 38038U 11079A   16139.11297676  .00000091  00000-0  46675-4 0  9991
2 38038  98.3903 208.8141 0001130 108.5361 251.5961 14.35427549230827
ZIYUAN 3 (ZY 3)         
1 38046U 12001A   16139.21887520  .00001934  00000-0  89255-4 0  9998
2 38046  97.3298 210.9508 0000883  56.1499  28.5442 15.21399139241903
RISAT 1                 
1 38248U 12017A   16138.87816270  .00000409  00000-0  29879-4 0  9996
2 38248  97.5627 145.9546 0003861 334.2716 144.3144 15.08963629223626
ARIRANG-3 (KOMPSAT-3)   
1 38338U 12025B   16138.75380518  .00000160  00000-0  41826-4 0  9993
2 38338  98.1607  76.1758 0010619 123.9114 236.3107 14.61408161213426
KANOPUS-V 1             
1 38707U 12039A   16139.09877976  .00001036  00000-0  51699-4 0  9997
2 38707  97.4524  55.9801 0002027  80.9050  33.0016 15.19713061212045
SPOT 6                  
1 38755U 12047A   16139.07764995  .00000085  00000-0  28135-4 0  9995
2 38755  98.1859 206.5693 0001585  94.7155 265.4228 14.58558247196342
PLEIADES 1B             
1 39019U 12068A   16139.09509050  .00000095  00000-0  30212-4 0  9993
2 39019  98.2031 213.8382 0001565  83.7848 276.3532 14.58547617184121
GOKTURK 2               
1 39030U 12073A   16139.05679934  .00000077  00000-0  22821-4 0  9994
2 39030  98.0372  32.5078 0013743 299.4190  60.5643 14.65775313182482
LANDSAT 8               
1 39084U 13008A   16138.75890055  .00000115  00000-0  35618-4 0  9998
2 39084  98.2255 208.8411 0001381  90.6723 269.4634 14.57103075173470
SARAL                   
1 39086U 13009A   16138.14159203  .00000053  00000-0  35721-4 0  9993
2 39086  98.5418 325.9162 0001932  82.3848 277.7555 14.32261075168429
GAOFEN 1                
1 39150U 13018A   16138.75178544  .00000205  00000-0  36845-4 0  9998
2 39150  97.9757 221.8327 0017194 250.0045 109.9315 14.76510933164892
VNREDSAT 1              
1 39160U 13021B   16139.07107399  .00000185  00000-0  45182-4 0  9990
2 39160  98.1171 216.0180 0001428  90.3792 269.7575 14.62925490161833
ARIRANG-5 (KOMPSAT-5)   
1 39227U 13042A   16139.20521345 -.00000049  00000-0  82673-6 0  9991
2 39227  97.6038 324.3862 0001506  62.2633 350.2311 15.04520910150301
YAOGAN 18               
1 39363U 13059A   16138.49887613  .00001794  00000-0  91982-4 0  9991
2 39363  97.4366 208.9334 0000939  64.6260  49.9570 15.17819209141299
SKYSAT-1                
1 39418U 13066C   16139.12461195  .00001290  00000-0  11336-3 0  9999
2 39418  97.7277 220.6264 0021471 165.1383 195.0485 14.98153185135927
DUBAISAT-2              
1 39419U 13066D   16139.09815826  .00000820  00000-0  83538-4 0  9992
2 39419  97.7167 213.9438 0015328 139.1978 221.0451 14.93294848135536
GPM-CORE                
1 39574U 14009C   16137.53873908  .00008501  00000-0  12479-3 0  9993
2 39574  65.0112 188.6512 0011566 288.0863  71.9023 15.56088899125829
SENTINEL-1A             
1 39634U 14016A   16139.08149691  .00000052  00000-0  20849-4 0  9999
2 39634  98.1827 146.3584 0001461  78.5016 281.6356 14.59198746113079
KAZEOSAT 1              
1 39731U 14024A   16139.11419757  .00000058  00000-0  31195-4 0  9995
2 39731  98.4515 216.7751 0001467  91.4184 268.7176 14.41995862107959
ALOS-2                  
1 39766U 14029A   16138.73336603 -.00000218  00000-0 -22316-4 0  9998
2 39766  97.9205 235.7420 0001800  87.2152 272.9279 14.79468330107137
KAZEOSAT 2              
1 40010U 14033A   16139.03197533  .00000152  00000-0  25765-4 0  9994
2 40010  97.9264  39.3745 0018238 118.9495 241.3560 14.82079129103417
HODOYOSHI-4             
1 40011U 14033B   16139.05592348  .00000303  00000-0  46117-4 0  9992
2 40011  97.9217  37.0608 0028174 112.3566 248.0651 14.80677070103283
DEIMOS-2                
1 40013U 14033D   16139.05901693  .00000501  00000-0  65637-4 0  9999
2 40013  97.9119  40.7138 0001720 110.6737 249.4668 14.84632016103574
HODOYOSHI-3             
1 40015U 14033F   16139.12104398  .00000395  00000-0  61299-4 0  9997
2 40015  97.9163  34.0759 0038554 113.8788 246.6470 14.78046632103112
SPOT 7                  
1 40053U 14034A   16139.17990431 -.00000046  00000-0  00000+0 0  9998
2 40053  98.2010 206.4694 0001320  81.5738 278.5617 14.58552992100291
SKYSAT-2                
1 40072U 14037D   16139.20486625  .00000240  00000-0  38555-4 0  9997
2 40072  98.3285 229.0505 0005284 234.3863 125.6931 14.80826255100527
WORLDVIEW-3 (WV-3)      
1 40115U 14048A   16138.80661659  .00000281  00000-0  39136-4 0  9995
2 40115  97.9008 217.0682 0002041  87.6163 272.5276 14.85122850 95438
YAOGAN 21               
1 40143U 14053A   16139.21044356  .00002988  00000-0  12238-3 0  9996
2 40143  97.3502 214.4551 0013652 150.1419 294.8549 15.24986847 94211
YAOGAN 22               
1 40275U 14063A   16139.05978705 -.00000044  00000-0  00000+0 0  9991
2 40275 100.3772 253.7747 0005380 247.1845 112.8711 13.15309265 75695
ASNARO                  
1 40298U 14070A   16138.85460726  .00003114  00000-0  14949-3 0  9991
2 40298  97.4338 221.4367 0002280  94.1506  17.1606 15.19597157 84824
HODOYOSHI-1             
1 40299U 14070B   16139.07706054  .00002038  00000-0  94171-4 0  9994
2 40299  97.4298 221.3520 0014868  43.4489  71.7762 15.21242622 84851
CHUBUSAT-1              
1 40300U 14070C   16139.11701758  .00002162  00000-0  10372-3 0  9996
2 40300  97.4258 219.7062 0022530  47.1095  13.4982 15.19743599 84764
QSAT-EOS                
1 40301U 14070D   16138.90882008  .00004278  00000-0  19414-3 0  9997
2 40301  97.4199 218.8003 0030716  46.7559  76.9654 15.20922183 84703
TSUBAME                 
1 40302U 14070E   16138.79953119  .00002447  00000-0  13097-3 0  9994
2 40302  97.4153 214.9703 0042554  57.7878  57.5811 15.15195223 84450
YAOGAN 23               
1 40305U 14071A   16138.77826323  .00003076  00000-0  15514-3 0  9997
2 40305  97.3916  79.0323 0001808  50.0192  27.9027 15.17870027 83441
YAOGAN 24               
1 40310U 14072A   16139.06655315  .00000245  00000-0  42141-4 0  9990
2 40310  97.9631 257.4600 0015582 263.1850  96.7571 14.76972646 80392
CBERS-4                 
1 40336U 14079A   16138.77599823  .00000039  00000-0  28819-4 0  9990
2 40336  98.4912 214.4458 0001569 101.7364 258.3994 14.35448758 75687
RESURS P2               
1 40360U 14087A   16139.23134344  .00001841  00000-0  62109-4 0  9993
2 40360  97.2804 233.5490 0006129   4.9620  52.1346 15.31956146 77916
YAOGAN 26               
1 40362U 14088A   16139.09084078  .00003566  00000-0  13930-3 0  9991
2 40362  97.3872 217.0947 0001778 142.4741 310.9179 15.26527419 77487
SMAP                    
1 40376U 15003A   16139.10687367  .00000135  00000-0  35218-4 0  9999
2 40376  98.1219 146.6154 0001784  59.3061 300.8323 14.63397266 69116
KOMPSAT 3A              
1 40536U 15014A   16139.23579758  .00001630  00000-0  98826-4 0  9992
2 40536  97.5531  79.0853 0008120 273.1362 225.7424 15.11942743 63368
SENTINEL-2A             
1 40697U 15028A   16138.37541038  .00000117  00000-0  61133-4 0  9999
2 40697  98.5681 213.0300 0001333 100.1059 260.0288 14.30817754 47096
CARBONITE 1 (CBNT-1)    
1 40718U 15032D   16138.65147703  .00000090  00000-0  21182-4 0  9990
2 40718  98.0150  30.0328 0016395 332.3843  27.6531 14.74415325 45965
YAOGAN 27               
1 40878U 15040A   16139.11272749 -.00000045  00000-0  00000+0 0  9999
2 40878 100.4510 199.7097 0008724  37.7328 322.4403 13.15947986 34854
LAPAN-A2                
1 40931U 15052B   16138.61407356  .00000820  00000-0  25319-4 0  9995
2 40931   5.9980 173.1362 0013654  44.3716 315.7483 14.76459556 34401
YAOGAN 28               
1 41026U 15064A   16139.20855591  .00003606  00000-0  12622-3 0  9995
2 41026  97.2674 268.2586 0006830 290.0020 188.7115 15.30119456 29352
YAOGAN 29               
1 41038U 15069A   16139.11531182  .00000111  00000-0  21254-4 0  9990
2 41038  97.8584 122.5789 0002083  72.5570 287.5872 14.80305479 25638
JASON-3                 
1 41240U 16002A   16138.39963894  .00000169  00000-0  10000-2 0  9999
2 41240  66.0425 224.1960 0008135 270.6047  89.3995 12.80932252 15455
SENTINEL-3A             
1 41335U 16011A   16139.11746554 -.00000044  00000-0  00000+0 0  9996
2 41335  98.6277 206.1989 0001362 103.7163 256.4171 14.26735989 13021
