SARSAT 7 (NOAA 15)      
1 25338U 98030A   16138.48420454  .00000098  00000-0  60238-4 0  9991
2 25338  98.7829 142.5722 0009426 275.8393  84.1711 14.25725181936610
GPS BIIR-07             
1 26690U 01004A   16138.34752801  .00000059  00000-0  00000+0 0  9990
2 26690  53.0008 174.3686 0173546 252.1495 195.0563  2.00561907112070
METEOSAT-8 (MSG-1)      
1 27509U 02040B   16138.10868928  .00000010  00000-0  00000+0 0  9990
2 27509   4.1495  59.8588 0000588 222.6293 355.3827  1.00272838 50322
GPS BIIR-08             
1 27663U 03005A   16137.93532197 -.00000079  00000-0  00000+0 0  9995
2 27663  56.7726   0.3039 0086701  20.2339 220.5089  2.00554508 97433
INSAT 3A                
1 27714U 03013A   16138.50306046 -.00000267  00000-0  00000+0 0  9996
2 27714   0.1177  95.4578 0007444 333.0543  81.7126  1.00273129 48021
GPS BIIR-11             
1 28190U 04009A   16138.24225623 -.00000079  00000-0  00000+0 0  9994
2 28190  55.7729  61.6256 0106275  43.0498 210.1603  2.00570525 89110
GPS BIIR-12             
1 28361U 04023A   16138.45897543 -.00000048  00000-0  00000+0 0  9995
2 28361  54.2052 236.1018 0110172 213.2624 110.6839  2.00562858 87192
GPS BIIR-13             
1 28474U 04045A   16138.24066343  .00000030  00000-0  00000+0 0  9997
2 28474  54.0406 113.9824 0158775 238.9943 288.9517  2.00551318 84552
SARSAT 10 (NOAA 18)     
1 28654U 05018A   16138.52792518  .00000064  00000-0  59954-4 0  9993
2 28654  99.1974 144.6620 0015425 100.3910 259.9000 14.12284549566406
GPS BIIR-14M            
1 28874U 05038A   16138.17945522 -.00000083  00000-0  00000+0 0  9990
2 28874  55.9388  58.8316 0111912 250.0260 344.1740  2.00562132 77963
MSG-2                   
1 28912U 05049B   16138.01681061  .00000052  00000-0  00000+0 0  9998
2 28912   1.4421  67.7233 0000483 249.7216 293.1150  1.00266946 38141
GOES 13                 
1 29155U 06018A   16137.55668455 -.00000261  00000-0  00000-0 0  9999
2 29155   0.2576 269.5453 0005982 161.7645 288.7572  1.00280359  6454
SARSAT 11 (METOP-A)     
1 29499U 06044A   16138.14674891  .00000035  00000-0  35929-4 0  9996
2 29499  98.6982 197.5688 0000914 164.8167 249.2723 14.21490335496873
GPS BIIR-16M            
1 29601U 06052A   16137.41235707 -.00000081  00000-0  00000+0 0  9997
2 29601  56.7434 359.2485 0059736  40.7392 319.7504  2.00557408 69577
GPS BIIR-17M            
1 32260U 07047A   16137.72929372 -.00000051  00000-0  00000-0 0  9997
2 32260  53.3338 232.8290 0080121  26.2391 334.1885  2.00572911 62974
GPS BIIR-18M            
1 32384U 07062A   16138.37787134 -.00000082  00000-0  00000+0 0  9994
2 32384  55.9943  59.3803 0010773 332.1460 274.7208  2.00575903 61707
SARSAT 12 (NOAA 19)     
1 33591U 09005A   16138.47740318  .00000107  00000-0  83143-4 0  9999
2 33591  99.0375  95.0029 0013183 308.8547  51.1447 14.12072776374803
GOES 14                 
1 35491U 09033A   16137.63878808 -.00000102  00000-0  00000+0 0  9996
2 35491   0.1876 101.0664 0002991 103.1892 155.7317  1.00271354 25222
GOES 15                 
1 36411U 10008A   16137.72244105  .00000075  00000-0  00000+0 0  9998
2 36411   0.1228 104.6604 0002021 320.3521 295.0103  1.00282567 22759
ELEKTRO-L 1             
1 37344U 11001A   16138.79461123 -.00000102  00000-0  00000+0 0  9999
2 37344   1.6500  79.4449 0004113 206.8793 311.4037  1.00270901 19544
GLONASS-K 1             
1 37372U 11009A   16139.16387390 -.00000041  00000-0  00000+0 0  9995
2 37372  65.2138  78.0104 0008077 246.8274  98.2650  2.13102753 40620
GPS BIIF-2              
1 37753U 11036A   16138.46280157  .00000037  00000-0  00000+0 0  9997
2 37753  55.2573 116.5687 0053422  23.9894  71.4888  2.00566835 35402
LUCH 5A                 
1 37951U 11074B   16138.74002226 -.00000051  00000-0  00000+0 0  9996
2 37951   1.7595 215.8345 0003348 204.6782 248.7445  1.00270086 16262
MSG-3                   
1 38552U 12035B   16137.34944600 -.00000017  00000-0  00000+0 0  9990
2 38552   0.7301  86.6316 0001335 175.8221  97.5314  1.00275590 14287
SARSAT 13 (METOP-B)     
1 38771U 12049A   16138.82418598  .00000032  00000-0  34773-4 0  9999
2 38771  98.7322 198.3653 0000457  24.2452  67.7434 14.21484295190101
GPS BIIF-3              
1 38833U 12053A   16138.31796918 -.00000067  00000-0  00000+0 0  9992
2 38833  54.4103 294.8788 0043297  21.1952 338.9620  2.00569865 26487
GSAT0103 (GALILEO-FM3)  
1 38857U 12055A   16138.31222815  .00000015  00000-0  00000+0 0  9992
2 38857  54.9359 203.0037 0004746 231.2027 128.8292  1.70473765 22388
GSAT0104 (GALILEO-FM4)  
1 38858U 12055B   16132.96743041 -.00000009  00000-0  00000-0 0  9992
2 38858  54.9372 203.1513 0003653 229.2469 130.7896  1.70473769 22248
GPS BIIF-4              
1 39166U 13023A   16138.17808502 -.00000087  00000-0  00000+0 0  9999
2 39166  55.6490  55.9760 0035926  11.9984 348.0816  2.00567794 21996
INSAT-3D                
1 39216U 13038B   16138.11852585 -.00000166  00000-0  00000+0 0  9993
2 39216   0.0137  80.6475 0001006 302.5214 336.8356  1.00270350 10371
GPS BIIF-5              
1 39533U 14008A   16136.67991126 -.00000059  00000-0  00000+0 0  9998
2 39533  54.5664 300.1756 0020395 178.0868 181.9069  2.00571605 16337
LUCH 5V                 
1 39727U 14023A   16137.81474211 -.00000284  00000-0  00000+0 0  9998
2 39727   3.4618 299.9900 0001776 126.5462 196.4296  1.00269748525586
GPS BIIF-6              
1 39741U 14026A   16137.45701330  .00000041  00000-0  00000-0 0  9993
2 39741  55.2473 116.1255 0006710 275.4027  84.5100  2.00561497 14652
GPS BIIF-7              
1 40105U 14045A   16138.04685057 -.00000051  00000-0  00000+0 0  9994
2 40105  54.7245 235.8125 0004279 146.7205 213.3266  2.00574317 13097
GSAT0201                
1 40128U 14050A   16137.34983952 -.00000095  00000-0  00000-0 0  9991
2 40128  50.0645  61.1355 1591051  49.4605 323.2998  1.85518670 10006
GSAT0202                
1 40129U 14050B   16137.61882830 -.00000098  00000-0  00000+0 0  9997
2 40129  50.1212  60.1067 1591462  50.5844 322.4136  1.85519287 12115
GPS BIIF-8              
1 40294U 14068A   16138.41997812  .00000062  00000-0  00000+0 0  9995
2 40294  54.9644 176.2361 0004561 257.0373 102.9885  2.00560056 11326
GLONASS-K 2             
1 40315U 14075A   16138.08632223 -.00000028  00000-0  00000+0 0  9995
2 40315  64.6373 319.1874 0015893 233.7811 126.5146  2.13101511 11370
GPS BIIF-9              
1 40534U 15013A   16137.06442581 -.00000084  00000-0  00000-0 0  9997
2 40534  55.0367 355.8500 0010136 356.7388   3.2947  2.00554237  7933
GSAT0203                
1 40544U 15017A   16135.11904268 -.00000027  00000-0  00000+0 0  9997
2 40544  55.3199  83.2651 0003277 264.5966  95.3208  1.70475338  7016
GSAT0204                
1 40545U 15017B   16137.24882090 -.00000032  00000-0  00000+0 0  9998
2 40545  55.3272  83.2089 0000916 250.4488 109.5009  1.70475453  7064
GPS BIIF-10             
1 40730U 15033A   16138.21664032 -.00000087  00000-0  00000+0 0  9994
2 40730  55.1855  55.8247 0019799 292.9137  66.8728  2.00561771  6141
GSAT 0205               
1 40889U 15045A   16136.89789883 -.00000056  00000-0  00000+0 0  9992
2 40889  57.2752 322.9211 0003891  17.9171 342.0979  1.70474517  4202
GSAT 0206               
1 40890U 15045B   16135.35815317 -.00000057  00000-0  00000-0 0  9998
2 40890  57.2765 322.9626 0002477  29.2705 330.7471  1.70474652  4207
GPS BIIF-11             
1 41019U 15062A   16137.27319601  .00000049  00000-0  00000+0 0  9998
2 41019  54.9782 176.0507 0015461 210.9600 149.0208  2.00562213  3944
GSAT 0209               
1 41174U 15079A   16137.32903941  .00000007  00000-0  00000+0 0  9994
2 41174  54.9464 202.7142 0005535 275.2453 107.5157  1.70474068  2561
GSAT 0208               
1 41175U 15079B   16138.14259311  .00000014  00000-0  00000+0 0  9999
2 41175  54.9479 202.6916 0004362 269.9632 117.1483  1.70474157  2571
GPS BIIF-12             
1 41328U 16007A   16137.36264881 -.00000056  00000-0  00000+0 0  9999
2 41328  54.9893 235.9157 0004902 247.1365 112.8276  2.00572823  2012
