AKEBONO (EXOS-D)        
1 19822U 89016A   16139.15637133  .00030798  54950-7  64320-3 0  9990
2 19822  75.0423  18.2504 1984111  42.4632 331.3872 11.52329441863434
HST                     
1 20580U 90037B   16139.20376795  .00001055  00000-0  54964-4 0  9996
2 20580  28.4696  96.7178 0002596 242.9788 239.5044 15.08356589230587
POLAR                   
1 23802U 96013A   16136.55641894 -.00000271  00000-0  00000+0 0  9993
2 23802  78.3290 280.3188 7486356 339.8436   1.6098  1.29841942 97001
SWAS                    
1 25560U 98071A   16138.55450960  .00000562  00000-0  62525-4 0  9993
2 25560  69.8980 175.3618 0005482  50.1760 309.9877 14.93059224946482
ORSTED                  
1 25635U 99008B   16139.11842828  .00000230  00000-0  62111-4 0  9991
2 25635  96.4477 130.9116 0140859  67.6413 293.9643 14.47886870909079
CXO                     
1 25867U 99040B   16141.35010857  .00000190  00000-0  00000+0 0  9991
2 25867  75.9482 298.5085 7104045 261.7693 359.9581  0.37802234 14562
XMM-NEWTON              
1 25989U 99066A   16138.67851694 -.00000237  00000-0  00000+0 0  9990
2 25989  67.5209  24.6482 8209257  94.9384 359.5309  0.50174710 18907
TERRA                   
1 25994U 99068A   16139.14950199  .00000238  00000-0  62845-4 0  9991
2 25994  98.2108 213.8674 0000811  89.8196 270.3131 14.57099020873148
CLUSTER II-FM6 (SALSA)  
1 26410U 00041A   16139.88908272  .00000733  00000-0  00000+0 0  9994
2 26410 131.4560 328.9857 5081796 142.3732   0.4500  0.44215832 15751
CLUSTER II-FM7 (SAMBA)  
1 26411U 00041B   16139.93064856  .00000669  00000-0  00000-0 0  9991
2 26411 130.4932 330.6737 5600955 149.0749   0.4684  0.44221011  4002
CLUSTER II-FM5 (RUMBA)  
1 26463U 00045A   16139.77840117  .00000721  00000-0  00000+0 0  9994
2 26463 133.9665 328.4554 5294621 146.7130   0.5048  0.44215413 16332
CLUSTER II-FM8 (TANGO)  
1 26464U 00045B   16139.83382255  .00000733  00000-0  00000+0 0  9999
2 26464 131.4512 328.9863 5082307 142.3770   0.5074  0.44215652 51673
ODIN                    
1 26702U 01007A   16138.52932993  .00001858  00000-0  12976-3 0  9996
2 26702  97.6268 153.6563 0010319 328.7747  31.2866 15.06549748832062
TIMED                   
1 26998U 01055B   16138.16486940  .00000422  00000-0  50404-4 0  9997
2 26998  74.0726  23.0497 0001301 210.3979 149.7127 14.87713143782583
RHESSI                  
1 27370U 02004A   16138.72225247  .00006299  00000-0  24406-3 0  9990
2 27370  38.0367 295.0224 0010800  77.9101 282.2877 15.26000483785786
INTEGRAL                
1 27540U 02048A   16141.32650397  .00000795  00000-0  00000+0 0  9990
2 27540  51.6693 206.6452 8079718 259.4323   0.2062  0.37594534 12826
CORIOLIS                
1 27640U 03001A   16138.07270354  .00000049  00000-0  44489-4 0  9996
2 27640  98.7482 147.5653 0014227  10.2890  26.2239 14.18901446691778
SORCE                   
1 27651U 03004A   16138.05765034  .00000662  00000-0  84318-4 0  9999
2 27651  39.9967   8.7253 0023445 329.0430  30.8976 14.88345950721741
MOST                    
1 27843U 03031D   16139.04252963  .00000022  00000-0  30451-4 0  9993
2 27843  98.7148 146.7997 0011055  74.8202 285.4196 14.20524027667855
SCISAT 1                
1 27858U 03036A   16138.77004022  .00000245  00000-0  39675-4 0  9998
2 27858  73.9339 248.3630 0006730  78.5718 281.6212 14.77032510687399
SWIFT                   
1 28485U 04047A   16136.94608918  .00001736  00000-0  93011-4 0  9999
2 28485  20.5576  30.5702 0011452 262.1689  97.7444 15.03113268628324
FORMOSAT-3 FM6          
1 29047U 06011A   16138.47774996  .00000095  00000-0  53772-4 0  9994
2 29047  71.9798 274.5495 0049385 115.3707 245.2555 14.28508010528264
FORMOSAT-3 FM1          
1 29048U 06011B   16138.17088619  .00000085  00000-0  50140-4 0  9997
2 29048  71.9673 187.7581 0042508  69.0941 349.9816 14.28446270530706
FORMOSAT-3 FM5          
1 29049U 06011C   16139.06631915  .00000189  00000-0  91410-4 0  9990
2 29049  72.0204 349.1526 0033854 109.6366 250.8430 14.28472079526600
FORMOSAT-3 FM3          
1 29050U 06011D   16138.86094006  .00000796  00000-0  17959-3 0  9992
2 29050  72.0160 287.3427 0049710 156.5553 203.7882 14.58297569538932
FORMOSAT-3 FM4          
1 29051U 06011E   16138.53339892  .00000136  00000-0  68934-4 0  9990
2 29051  72.0066 255.0016 0068890 343.1230  16.7614 14.28487608529117
FORMOSAT-3 FM2          
1 29052U 06011F   16138.84219457  .00000080  00000-0  47726-4 0  9993
2 29052  72.0343 324.1665 0039241  72.1757 288.3654 14.28585966527479
CLOUDSAT                
1 29107U 06016A   16138.82751011  .00000203  00000-0  55172-4 0  9995
2 29107  98.1966  82.5277 0001355 114.8541 245.2799 14.57114931534858
CALIPSO                 
1 29108U 06016B   16138.13974964  .00000327  00000-0  82631-4 0  9991
2 29108  98.1970  81.4097 0001407  81.8731 278.2628 14.57117839534682
HINODE (SOLAR-B)        
1 29479U 06041A   16138.51615126  .00000274  00000-0  60492-4 0  9996
2 29479  98.1578 140.1027 0017839  26.9014 333.3110 14.64692046515474
SJ-6C                   
1 29505U 06046A   16139.18989480 -.00000229  00000-0 -16084-4 0  9992
2 29505  97.8068 137.0486 0002802 358.0535   2.0673 14.94151665520884
SJ-6D                   
1 29506U 06046B   16139.08062361  .00000867  00000-0  88632-4 0  9996
2 29506  97.8239 135.9894 0003450  54.6074 305.5471 14.93119161520591
AGILE                   
1 31135U 07013A   16138.15527893  .00004763  00000-0  12910-3 0  9999
2 31135   2.4685 309.0726 0013745 322.0478  37.8608 15.28046781502992
AIM                     
1 31304U 07015A   16139.15185280  .00002606  00000-0  16048-3 0  9990
2 31304  97.9652 294.6080 0006502  51.7727 308.4086 15.10932963495266
FGRST (GLAST)           
1 33053U 08029A   16139.15389668  .00000930  00000-0  37493-4 0  9991
2 33053  25.5815 171.4717 0012923  35.2261 324.9126 15.10591636437510
IBEX                    
1 33401U 08051A   16141.67149450 -.00001141  00000-0  00000+0 0  9991
2 33401  39.6950  27.1472 6421228 156.4973   1.7270  0.12007401  3205
WISE                    
1 36119U 09071A   16139.08061047  .00002712  00000-0  10491-3 0  9993
2 36119  97.4824 160.1886 0000965 266.8254  93.2874 15.27086007355955
SDO                     
1 36395U 10005A   16137.58245654 -.00000030  00000-0  00000+0 0  9992
2 36395  28.3728 147.5930 0001542 192.1600   2.7786  1.00272966 23095
CRYOSAT 2               
1 36508U 10013A   16138.49286365  .00000092  00000-0  21913-4 0  9990
2 36508  92.0264 106.7190 0005500 239.7880 120.2783 14.52174440323731
SPEKTR-R                
1 37755U 11037A   16142.70461253 -.00008635  00000-0  00000+0 0  9993
2 37755  41.5250  10.3695 9563937 287.3755 357.0195  0.11977361  2073
GCOM-W1 (SHIZUKU)       
1 38337U 12025A   16138.83366731  .00000206  00000-0  55806-4 0  9996
2 38337  98.2053  78.7424 0001223  82.9812 334.9084 14.57118872212799
NUSTAR                  
1 38358U 12031A   16138.22810243  .00001574  00000-0  93826-4 0  9994
2 38358   6.0275 302.2578 0012081 350.1128   9.8763 14.87378366213381
RBSP A                  
1 38752U 12046A   16138.82042348  .00000027  00000-0  47997-3 0  9996
2 38752  10.1838  14.6115 6806535 139.8191 298.1728  2.68102479 36286
RBSP B                  
1 38753U 12046B   16138.24721074  .00000042  00000-0  74737-3 0  9992
2 38753  10.1737  21.4588 6823038 126.5582 316.8651  2.65124302 36064
NEOSSAT                 
1 39089U 13009D   16138.50697063  .00000059  00000-0  36610-4 0  9991
2 39089  98.5838 339.3320 0011715  35.5411 324.6552 14.34338352168670
BRITE-AUSTRIA           
1 39091U 13009F   16138.13063514  .00000092  00000-0  47801-4 0  9992
2 39091  98.5819 340.0662 0011394  46.7580 313.4554 14.34974226168690
UNIBRITE                
1 39092U 13009G   16139.14112250  .00000073  00000-0  41282-4 0  9993
2 39092  98.5821 340.8141 0010122  38.1256 322.0644 14.34847725168821
IRIS                    
1 39197U 13033A   16138.46797002  .00000371  00000-0  58109-4 0  9991
2 39197  97.9158 320.4290 0028325  18.3473 341.8753 14.78201566155648
HISAKI (SPRINT-A)       
1 39253U 13049A   16138.51091806  .00000138  00000-0  10205-3 0  9991
2 39253  29.7187 214.8618 0137276  53.2881 308.0215 13.55160585132533
CASSIOPE                
1 39265U 13055A   16138.13312402  .00008859  00000-0  26827-3 0  9992
2 39265  80.9737  63.7270 0702237 316.3088  38.4482 14.19237559135257
DANDE                   
1 39267U 13055C   16138.48816052  .00007792  00000-0  23949-3 0  9999
2 39267  81.0145  69.3395 0724225 325.5823  30.0373 14.14268739135047
STSAT-3                 
1 39422U 13066G   16139.09376991  .00000107  00000-0  17057-4 0  9992
2 39422  97.7047 207.0079 0024890 100.9714 259.4347 14.89189861135127
BRITE-PL                
1 39431U 13066R   16138.86811909  .00000200  00000-0  53593-4 0  9998
2 39431  97.6784 146.5708 0201521 259.8182  98.0230 14.46714379131283
SWARM B                 
1 39451U 13067A   16138.56432433  .00001058  00000-0  46762-4 0  9991
2 39451  87.7538   6.1821 0003807  96.1723 263.9955 15.20556847137728
SWARM A                 
1 39452U 13067B   16139.14379816  .00003221  00000-0  77900-4 0  9994
2 39452  87.3452 314.2459 0003772  89.8715 270.2973 15.40707969139280
SWARM C                 
1 39453U 13067C   16139.14372974  .00003271  00000-0  79108-4 0  9990
2 39453  87.3454 315.6572 0003812  89.0175 271.1518 15.40709388139249
BRITE-TORONTO           
1 40020U 14033L   16139.13878573  .00000227  00000-0  47402-4 0  9991
2 40020  97.8920  20.3331 0088638 142.0031 218.7472 14.66252789102205
OCO 2                   
1 40059U 14035A   16137.92772908  .00000168  00000-0  47200-4 0  9995
2 40059  98.1977  79.0624 0001970  97.3510 262.7912 14.57121007 99679
BRITE-PL 2              
1 40119U 14049B   16137.82207864  .00000445  00000-0  60146-4 0  9992
2 40119  97.9602 219.2632 0016404 304.6139  55.3528 14.83913095 94370
RESURS P2               
1 40360U 14087A   16139.23134344  .00001841  00000-0  62109-4 0  9993
2 40360  97.2804 233.5490 0006129   4.9620  52.1346 15.31956146 77916
MMS 1                   
1 40482U 15011A   16137.63541667 -.00000657  00000-0  00000-0 0  9991
2 40482  28.6776 342.9132 8155621  98.0808 237.6733  1.00484343  4340
MMS 2                   
1 40483U 15011B   16137.63888889 -.00000658  00000-0  00000-0 0  9993
2 40483  28.6776 342.8924 8163152  98.1016 238.9621  1.00484360  4348
MMS 3                   
1 40484U 15011C   16137.62500000 -.00000657  00000-0  00000-0 0  9998
2 40484  28.6657 342.9099 8158087  98.0363 234.0495  1.00484335  4153
MMS 4                   
1 40485U 15011D   16135.95446947 -.00000618  00000-0  00000+0 0  9998
2 40485  28.7023 343.0753 8159069  97.7611 349.7474  1.00483130  4304
ASTROSAT                
1 40930U 15052A   16138.11164131  .00000875  00000-0  34420-4 0  9993
2 40930   5.9966 177.3045 0008640  37.4647 322.6398 14.75983502 34339
DAMPE                   
1 41173U 15078A   16138.86869480  .00000341  00000-0  17197-4 0  9992
2 41173  97.2955 152.0310 0015601 106.2075  13.9719 15.23357110 23273
