ISS (ZARYA)             
1 25544U 98067A   16139.19439067  .00006255  00000-0  99806-4 0  9993
2 25544  51.6432 207.6539 0001903 111.0695 298.8800 15.54638660   325
TIANGONG 1              
1 37820U 11053A   16139.22154332  .00018004  00000-0  20089-3 0  9997
2 37820  42.7636  66.4676 0013350 202.4444 264.7443 15.62355093265896
SPINSAT                 
1 40314U 98067FL  16138.48009250  .00029967  00000-0  18570-3 0  9996
2 40314  51.6352 175.7908 0004611 318.7881  41.2771 15.76772112135269
FLOCK 1E-1              
1 40723U 98067GF  16138.98862163  .03824284  12237-4  63623-3 0  9991
2 40723  51.6165 171.4228 0010642 344.1943  16.0695 16.32334110 48539
FLOCK 1E-4              
1 40724U 98067GG  16139.13890316  .00208821  28087-4  53117-3 0  9998
2 40724  51.6298 175.4936 0010332   4.2372  34.2256 15.94915085 48496
FLOCK 1E-3              
1 40725U 98067GH  16139.09717747  .00320226  56251-4  51262-3 0  9997
2 40725  51.6234 169.6851 0009311   2.9924  95.6287 16.02998891 48537
FLOCK 1E-7              
1 40726U 98067GJ  16138.48700696  .00336037  00000-0  12453-2 0  9997
2 40726  51.6289 182.2378 0008433 357.2765 142.7128 15.86617936 48195
FLOCK 1E-8              
1 40727U 98067GK  16139.11897498  .00169093  22073-4  46092-3 0  9997
2 40727  51.6315 174.6371 0009979   4.6458  29.5801 15.93701074 48344
FLOCK 1E-5              
1 40728U 98067GL  16139.12494031  .00222553  29292-4  70804-3 0  9994
2 40728  51.6313 177.5575 0013623   0.9979  99.5079 15.90570776 48310
FLOCK 1E-6              
1 40729U 98067GM  16139.20608521  .00131062  17345-4  44057-3 0  9996
2 40729  51.6317 175.8096 0010079 355.6432 113.1069 15.89774978 48354
FLOCK 1E-10             
1 40737U 98067GP  16139.12914833  .00100395  00000-0  41199-3 0  9997
2 40737  51.6300 179.1194 0006768   0.0589  99.7750 15.85188346 48287
FLOCK 1E-11             
1 40738U 98067GQ  16139.12250694  .00099447  00000-0  37597-3 0  9998
2 40738  51.6249 175.3638 0007204 358.4205  36.0159 15.86876464 48151
FLOCK 1E-12             
1 40739U 98067GR  16139.11712068  .00111873  00000-0  43495-3 0  9998
2 40739  51.6292 179.0492 0007539 350.8071 107.0295 15.86253188 48115
FLOCK 1E-13             
1 40740U 98067GS  16139.12888353  .00086315  00000-0  36208-3 0  9998
2 40740  51.6301 178.5006 0007209  15.3518  18.5228 15.84784329 48101
FLOCK 1E-14             
1 40741U 98067GT  16139.11902093  .00129451  00000-0  47443-3 0  9998
2 40741  51.6343 177.6968 0009149 359.7691  32.7159 15.87379074 48108
S-CUBE                  
1 40898U 98067GY  16138.76655401  .00048536  00000-0  35076-3 0  9992
2 40898  51.6342 194.3238 0004093  75.8340 284.3113 15.72983895 37936
SOYUZ-TMA 19M           
1 41124U 15076A   16137.55001157  .00005721  00000-0  91983-4 0  9992
2 41124  51.6440 215.8562 0001995 108.3968  92.4187 15.54614828    63
PROGRESS-MS 01          
1 41177U 15080A   16137.55001157  .00005721  00000-0  91983-4 0  9995
2 41177  51.6440 215.8562 0001995 108.3968  92.4187 15.54614828    61
AGGIESAT 4              
1 41313U 98067HP  16138.51063065  .00019142  00000-0  24982-3 0  9992
2 41313  51.6445 209.1866 0004542  94.5509 265.6002 15.58699567 16940
BEVO 2                  
1 41314U 98067HQ  16139.21113205  .00030125  00000-0  36072-3 0  9990
2 41314  51.6383 204.8210 0003420  67.2532 292.8825 15.60687676 16861
SOYUZ-TMA 20M           
1 41391U 16018A   16137.55001157  .00005721  00000-0  91983-4 0  9995
2 41391  51.6440 215.8562 0001995 108.3968  92.4187 15.54614828    69
CYGNUS OA-6             
1 41393U 16019A   16137.55001157  .00005721  00000-0  91983-4 0  9998
2 41393  51.6440 215.8562 0001995 108.3968  92.4187 15.54614828    61
PROGRESS-MS 02          
1 41436U 16022A   16137.55001157  .00005721  00000-0  91983-4 0  9990
2 41436  51.6440 215.8562 0001995 108.3968  92.4187 15.54614828    69
DRAGON CRS-8            
1 41452U 16024A   16131.55530197  .00009320  00000-0  14570-3 0  9990
2 41452  51.6445 245.7589 0001960 108.6107   0.6695 15.54537847  4933
