SENTINEL-1B             
1 41456U 16025A   16138.90196827 -.00000130  00000-0 -18221-4 0  9999
2 41456  98.1871 146.0110 0001686  40.0794 320.0543 14.58359041  3217
MICROSCOPE              
1 41457U 16025B   16139.03807033  .00000111  00000-0  37022-4 0  9990
2 41457  98.2307 146.1472 0001712  72.5566 287.5830 14.53910892  3209
OUFTI-1                 
1 41458U 16025C   16138.01769938  .00002555  00000-0  14878-3 0  9996
2 41458  98.2190 146.7175 0176576 171.3209 189.1133 15.00839327  3107
E-ST@R-II               
1 41459U 16025D   16138.55083913  .00002585  00000-0  15034-3 0  9996
2 41459  98.2156 147.2833 0176723 169.4971 191.0044 15.00853246  3182
AAUSAT 4                
1 41460U 16025E   16139.01714138  .00004504  00000-0  25686-3 0  9997
2 41460  98.2144 147.7793 0177485 167.8611 192.7106 15.00920241  3255
ASAP-S                  
1 41461U 16025F   16138.89324371  .00002983  00000-0  17376-3 0  9995
2 41461  98.2148 147.6291 0179942 168.2749 192.2761 15.00238449  3286
DIWATA-1                
1 41463U 98067HT  16138.81383196  .00010679  00000-0  16294-3 0  9994
2 41463  51.6424 209.5045 0001086 101.0482 359.6506 15.55028184  3138
MVL-300                 
1 41464U 16026A   16139.19284823  .00001358  00000-0  50411-4 0  9993
2 41464  97.2755  44.8977 0012108 183.0442 332.8351 15.29212023  3059
AIST-2D                 
1 41465U 16026B   16138.71759516  .00003973  00000-0  14292-3 0  9998
2 41465  97.2755  44.4289 0012206 182.2969 229.9937 15.29118017  2981
SAMSAT-218D             
1 41466U 16026C   16138.71367156  .00008260  00000-0  29072-3 0  9990
2 41466  97.2729  44.4352 0011202 188.4651 223.7565 15.29517618  2984
IRNSS-1G                
1 41469U 16027A   16138.44000884 -.00000349  00000-0  00000+0 0  9993
2 41469   5.0571 274.6042 0002754 144.3885 104.4120  1.00275027   264
PSLV R/B                
1 41470U 16027B   16135.20312114  .00000395  00000-0  63366-4 0  9997
2 41470  17.7260 264.1383 6084597 201.5377 114.6264  3.92319158   625
JCSAT-14                
1 41471U 16028A   16138.56365361  .00000013  00000-0  00000+0 0  9991
2 41471   0.0204 264.6376 0002859  64.0676 285.3982  1.00272747   177
FALCON 9 R/B            
1 41472U 16028B   16134.89843213  .00020499  80011-6  87614-3 0  9997
2 41472  23.6816 131.5932 7311092 184.0822 162.2539  2.28071187   181
YAOGAN 30               
1 41473U 16029A   16139.00565315 -.00000320  00000-0 -38830-4 0  9995
2 41473  98.0691 191.2540 0020019 221.4327 138.5388 14.75908766   424
1998-067HU              
1 41474U 98067HU  16138.81716819 -.00000488  00000-0  00000+0 0  9990
2 41474  51.6427 209.5304 0003168  44.2625  56.8623 15.55368933   201
1998-067HV              
1 41475U 98067HV  16138.75228186  .00093939  00000-0  13398-2 0  9998
2 41475  51.6407 209.8498 0004951  11.4562  86.1577 15.55505643   197
