METEOSAT-7              
1 24932U 97049B   16137.30181296  .00000041  00000-0  00000+0 0  9991
2 24932  10.1594  40.9612 0000092  50.0095 309.8926  1.00267925 68489
NOAA 15                 
1 25338U 98030A   16138.48420454  .00000098  00000-0  60238-4 0  9991
2 25338  98.7829 142.5722 0009426 275.8393  84.1711 14.25725181936610
METEOSAT-8 (MSG-1)      
1 27509U 02040B   16138.10868928  .00000010  00000-0  00000+0 0  9990
2 27509   4.1495  59.8588 0000588 222.6293 355.3827  1.00272838 50322
KALPANA-1 (METSAT 1)    
1 27525U 02043A   16138.30069854 -.00000090  00000-0  00000+0 0  9993
2 27525   5.6817  57.9349 0012558 226.4093 133.3066  1.00272628 50111
INSAT-3A                
1 27714U 03013A   16138.50306046 -.00000267  00000-0  00000+0 0  9996
2 27714   0.1177  95.4578 0007444 333.0543  81.7126  1.00273129 48021
NOAA 18                 
1 28654U 05018A   16138.52792518  .00000064  00000-0  59954-4 0  9993
2 28654  99.1974 144.6620 0015425 100.3910 259.9000 14.12284549566406
METEOSAT-9 (MSG-2)      
1 28912U 05049B   16138.01681061  .00000052  00000-0  00000+0 0  9998
2 28912   1.4421  67.7233 0000483 249.7216 293.1150  1.00266946 38141
MTSAT-2                 
1 28937U 06004A   16138.40541810 -.00000252  00000-0  00000+0 0  9990
2 28937   0.0581 105.5488 0003873 310.4559 110.4808  1.00268630 37428
FORMOSAT-3 FM6          
1 29047U 06011A   16138.47774996  .00000095  00000-0  53772-4 0  9994
2 29047  71.9798 274.5495 0049385 115.3707 245.2555 14.28508010528264
FORMOSAT-3 FM1          
1 29048U 06011B   16138.17088619  .00000085  00000-0  50140-4 0  9997
2 29048  71.9673 187.7581 0042508  69.0941 349.9816 14.28446270530706
FORMOSAT-3 FM5          
1 29049U 06011C   16139.06631915  .00000189  00000-0  91410-4 0  9990
2 29049  72.0204 349.1526 0033854 109.6366 250.8430 14.28472079526600
FORMOSAT-3 FM3          
1 29050U 06011D   16138.86094006  .00000796  00000-0  17959-3 0  9992
2 29050  72.0160 287.3427 0049710 156.5553 203.7882 14.58297569538932
FORMOSAT-3 FM4          
1 29051U 06011E   16138.53339892  .00000136  00000-0  68934-4 0  9990
2 29051  72.0066 255.0016 0068890 343.1230  16.7614 14.28487608529117
FORMOSAT-3 FM2          
1 29052U 06011F   16138.84219457  .00000080  00000-0  47726-4 0  9993
2 29052  72.0343 324.1665 0039241  72.1757 288.3654 14.28585966527479
GOES 13                 
1 29155U 06018A   16137.55668455 -.00000261  00000-0  00000-0 0  9999
2 29155   0.2576 269.5453 0005982 161.7645 288.7572  1.00280359  6454
METOP-A                 
1 29499U 06044A   16138.14674891  .00000035  00000-0  35929-4 0  9996
2 29499  98.6982 197.5688 0000914 164.8167 249.2723 14.21490335496873
FENGYUN 2D              
1 29640U 06053A   16138.60232348 -.00000367  00000-0  10000-3 0  9993
2 29640   3.7231  66.4075 0001351 161.0517 348.7481  1.00266579 34635
FENGYUN 3A              
1 32958U 08026A   16139.10144225  .00000001  00000-0  20108-4 0  9998
2 32958  98.4548 180.5003 0009604 355.3004   4.8088 14.19617471413280
FENGYUN 2E              
1 33463U 08066A   16137.82208701 -.00000213  00000-0  00000+0 0  9991
2 33463   1.4516  61.7201 0003083 199.6807 356.2873  1.00274222 27158
NOAA 19                 
1 33591U 09005A   16138.47740318  .00000107  00000-0  83143-4 0  9999
2 33591  99.0375  95.0029 0013183 308.8547  51.1447 14.12072776374803
GOES 14                 
1 35491U 09033A   16137.63878808 -.00000102  00000-0  00000+0 0  9996
2 35491   0.1876 101.0664 0002991 103.1892 155.7317  1.00271354 25222
METEOR-M 1              
1 35865U 09049A   16139.11146250  .00000053  00000-0  42962-4 0  9994
2 35865  98.4582 171.6467 0001948 189.2855 170.8288 14.22066836345944
GOES 15                 
1 36411U 10008A   16137.72244105  .00000075  00000-0  00000+0 0  9998
2 36411   0.1228 104.6604 0002021 320.3521 295.0103  1.00282567 22759
COMS 1                  
1 36744U 10032A   16138.62144463 -.00000352  00000-0  00000+0 0  9999
2 36744   0.0421  71.9652 0001421   6.1914 149.5022  1.00271911 21729
FENGYUN 3B              
1 37214U 10059A   16138.78689824  .00000033  00000-0  39327-4 0  9997
2 37214  98.8409  93.5900 0016690 182.0504 178.0613 14.15812770286597
ELEKTRO-L 1 (GOMS 2)    
1 37344U 11001A   16138.79461123 -.00000102  00000-0  00000+0 0  9999
2 37344   1.6500  79.4449 0004113 206.8793 311.4037  1.00270901 19544
SUOMI NPP               
1 37849U 11061A   16139.10236424  .00000041  00000-0  39997-4 0  9998
2 37849  98.7198  77.7254 0000989 123.1719 358.6101 14.19549449236035
FENGYUN 2F              
1 38049U 12002A   16138.42855583 -.00000366  00000-0  00000+0 0  9993
2 38049   0.9240  75.0676 0003150 164.9324 261.8975  1.00278742 15960
METEOSAT-10 (MSG-3)     
1 38552U 12035B   16137.34944600 -.00000017  00000-0  00000+0 0  9990
2 38552   0.7301  86.6316 0001335 175.8221  97.5314  1.00275590 14287
METOP-B                 
1 38771U 12049A   16138.82418598  .00000032  00000-0  34773-4 0  9999
2 38771  98.7322 198.3653 0000457  24.2452  67.7434 14.21484295190101
FENGYUN 3C              
1 39260U 13052A   16139.07779815  .00000027  00000-0  33175-4 0  9997
2 39260  98.6921 210.8787 0001671  74.2425 285.8940 14.19615292137321
METEOR-M 2              
1 40069U 14037A   16139.11688842 -.00000018  00000-0  11971-4 0  9995
2 40069  98.7088 194.7944 0004439 278.6693  81.4001 14.20630163 96465
HIMAWARI 8              
1 40267U 14060A   16137.95621244 -.00000286  00000-0  00000+0 0  9997
2 40267   0.0351  93.0873 0000858 337.4566 289.4676  1.00273147  5939
FENGYUN 2G              
1 40367U 14090A   16137.93108770 -.00000341  00000-0  00000+0 0  9995
2 40367   1.2539 272.4559 0003549 284.3127 118.2400  1.00273562  5113
METEOSAT-11 (MSG-4)     
1 40732U 15034A   16138.07263693 -.00000040  00000-0  00000+0 0  9998
2 40732   2.5711 257.6437 0001023  92.3773 267.7842  1.00267936  3110
ELEKTRO-L 2             
1 41105U 15074A   16138.50566144 -.00000123  00000-0  00000+0 0  9994
2 41105   0.1484 280.7680 0001765 167.6854  47.0126  1.00270556  1598
