APRIZESAT 2             
1 28366U 04025A   16138.72882376  .00000032  00000-0  24186-4 0  9998
2 28366  98.3391  59.0701 0108329 152.8349 207.8562 14.36549556622814
SAUDICOMSAT 1           
1 28369U 04025D   16138.12077225  .00000143  00000-0  45729-4 0  9993
2 28369  98.1415  94.8848 0033985 162.9678 197.2667 14.52262569629306
SAUDICOMSAT 2           
1 28370U 04025E   16138.41040217  .00000122  00000-0  44899-4 0  9992
2 28370  98.2541  86.1289 0056673 277.6950  81.7810 14.47219257627213
APRIZESAT 1             
1 28372U 04025G   16137.84269495  .00000118  00000-0  41964-4 0  9996
2 28372  98.2044  89.3695 0045484 223.3453 136.4160 14.49427448628158
NANOSAT-1               
1 28493U 04049B   16138.47982748  .00000305  00000-0  55439-4 0  9999
2 28493  98.2525 196.6574 0004801 165.0217 195.1133 14.73170052612666
SAUDICOMSAT 7           
1 31119U 07012C   16138.50501418  .00000176  00000-0  44022-4 0  9998
2 31119  97.8946 112.1389 0059182 227.5437 132.0753 14.61471297484166
SAUDICOMSAT 6           
1 31121U 07012E   16138.04194063  .00000177  00000-0  46843-4 0  9998
2 31121  97.9599 102.7973 0075495 286.0415  73.2480 14.58277088483068
SAUDICOMSAT 5           
1 31124U 07012H   16138.48054179  .00000196  00000-0  46428-4 0  9992
2 31124  97.8583 117.6088 0051313 199.1532 160.7743 14.63147171484680
SAUDICOMSAT 3           
1 31125U 07012J   16139.13716377  .00000247  00000-0  54253-4 0  9993
2 31125  97.8233 123.9966 0043695 169.8099 190.4001 14.64852132485313
SAUDICOMSAT 4           
1 31127U 07012L   16138.92168669  .00000161  00000-0  42151-4 0  9995
2 31127  97.9260 108.3241 0066897 253.2139 106.1715 14.59985343483736
APRIZESAT 4             
1 35684U 09041D   16138.79244241  .00000285  00000-0  45550-4 0  9990
2 35684  98.0937  71.8675 0046163 291.9454 120.4292 14.78883552366693
APRIZESAT 3             
1 35686U 09041F   16138.81744888  .00000349  00000-0  44294-4 0  9992
2 35686  98.2438 116.5201 0072655 217.5872 142.0252 14.86859552368430
AISSAT 1                
1 36797U 10035C   16139.18192653  .00000576  00000-0  73122-4 0  9993
2 36797  98.0165 243.6752 0010878 198.4756 161.6065 14.85555771316650
